name mass_lei log_L_lei radius_lei mass_true log_L_true radius_true age_true he_class log_he log_he_err log_Teff log_Teff_err log_g log_g_err mass_low mass mass_up log_L_low log_L log_L_up radius_low radius radius_up age_low age age_up mass_max_density log_L_max_density radius_max_density age_max_density
spec-57360-EG000325N203955B01_sp16-105.fits 0.4169999957084656 1.2840696117100832 0.17599999904632568 nan nan nan nan sdB -2.679 0.09700000286102295 4.459543258280413 0.00420046296664621 5.572000026702881 0.03200000151991844 0.3942362892660609 0.41030508806292804 0.4316915050840653 1.251293779229897 1.2943790117981118 1.326565021803527 0.168393982134253 0.17533110819269715 0.18487406366828377 12562161.05851182 37097352.61550945 78314226.70786883
spec-56214-EG000024N121601B01_sp05-009.fits 0.3970000147819519 1.2413472172381992 0.19099999964237213 nan nan nan nan sdB -2.697 0.057999998331069946 4.431846045698726 0.003361057542022175 5.4770002365112305 0.01600000075995922 0.4148277055055899 0.5172812990535891 0.5261319898756327 1.2540386596289153 1.291052739705891 1.373798768215115 0.19497829572951073 0.20246156775865795 0.21952051570477374 9507577.16173776 12202675.572309664 14665253.834955316
spec-57360-EG000325N203955B01_sp05-170.fits 0.7689999938011169 1.6854192559887806 0.2329999953508377 nan nan nan nan sdB -3.586 0.4740000069141388 4.499136994537383 0.006148679606749626 5.581999778747559 0.06400000303983688 0.40993211372136695 0.4387798671237498 0.4624405545064926 1.3866788981333216 1.440777188727112 1.5045899407197068 0.1705916594112736 0.18138057971290744 0.19593594544396203 1747759.6763650416 5197798.842737417 10570004.180372056
spec-57733-EG000006N255311V01_sp12-073.fits 0.4659999907016754 1.2871744603745017 0.18799999356269836 nan nan nan nan sdB -2.762 0.04399999976158142 4.447158031342219 0.0013937078593588266 5.560999870300293 0.03200000151991844 0.41745714197578204 0.4646614928013647 0.5821763607483158 1.2125173730592378 1.2535765369232792 1.2973139056942609 0.17091562899829318 0.17924443404929732 0.19130015780669274 16949151.750078417 23510156.6285939 33699575.1264777
spec-58109-EG001532N132509V01_sp14-193.fits 0.3330000042915344 1.3799759351326217 0.18799999356269836 nan nan nan nan sdB -1.898 0.03799999877810478 4.4707044297227885 0.0017594668842013566 5.4120001792907715 0.013000000268220901 0.42709950402450464 0.47605361393755097 0.49281109255346944 1.4104132112140755 1.4211134951645668 1.4323991233841888 0.19524687684677622 0.20825345124276512 0.23325851244243326 8387811.785548838 12942506.34258707 16046955.418989904
spec-58043-GACII000N48B1_sp09-050.fits 0.39500001072883606 1.1549714415444712 0.17800000309944153 nan nan nan nan sdB -2.612 0.10599999874830246 4.425534220498263 0.011264289733540014 5.53000020980835 0.07900000363588333 0.40613362267200426 0.4625706172705406 0.5216779235101419 1.1201798011800133 1.2154887116494346 1.3221835412987315 0.17180720154373924 0.19214956297371674 0.21608600097509645 6801785.131484216 13320474.705482256 23227702.334762435
spec-56214-EG000024N121601B01_sp13-068.fits 0.7020000219345093 1.2752652731070075 0.13899999856948853 nan nan nan nan sdB -2.256 0.12600000202655792 4.5082603055123345 0.0044240907048290964 6.002999782562256 0.07999999821186066 0.39500088245813164 0.43425984238987597 0.46231031511700904 0.9797322811336028 1.0942586018452671 1.1903651393646462 0.09727837948034973 0.11017968144141153 0.12683980320279925 2304692.0618141876 7503514.0269551985 25908224.278516356
spec-57300-EG001751N201337B01_sp10-161.fits 0.3930000066757202 1.282961803534335 0.19699999690055847 nan nan nan nan sdB -2.841 0.07999999821186066 4.436321700139733 0.002695028247779504 5.445000171661377 0.02800000086426735 0.42077634939549174 0.5239407714719906 0.5531032118509779 1.289705188594187 1.3316902366283823 1.3957979803375236 0.20244066162356547 0.2121551294746208 0.23499213054320645 7697438.592311205 12263886.038192062 15698519.94317931
spec-58043-GACII000N48B1_sp07-055.fits 0.3370000123977661 2.191803002447343 0.20399999618530273 nan nan nan nan He-sdOB 0.91 0.22599999606609344 4.654272827097711 0.004024823210479333 5.340000152587891 0.03999999910593033 0.5361852935396717 0.598301948823686 0.6520912031634443 2.1698550964060823 2.232718275635081 2.335670236663682 0.24024241423488887 0.30957921250459475 0.33830847103363204 1561099.653830145 14904648.211669229 21785088.91854239
spec-57727-EG001201N232818B01_sp08-198.fits 0.36500000953674316 1.8269295859012196 0.20999999344348907 nan nan nan nan sdB -3.121 0.33899998664855957 4.558228421803325 0.009621028769781093 5.35099983215332 0.07199999690055847 0.45442629258076694 0.5658984368101193 0.6794564448784458 1.8377865378009692 1.9267056011660695 2.065188990703729 0.22975054793732413 0.268015509712058 0.3114335355621072 8512885.750336625 16320359.03598991 31727621.81690681
spec-55876-B7603_sp15-216.fits 0.3630000054836273 1.0382226383687185 0.1889999955892563 nan nan nan nan sdB -4.022 0.4869999885559082 4.383456296524753 0.0014345000058011016 5.440000057220459 0.03500000014901161 0.4280929903834356 0.46771215798589183 0.47923725909137155 1.075321240648071 1.1216594133515874 1.1688285702608399 0.19558002221022688 0.20489970107717492 0.21826517747044366 5491115.8001587745 8685668.229870379 11513980.350630533
spec-58100-GACII006N52B1_sp03-055.fits 0.36399999260902405 1.3550873800749041 0.18700000643730164 nan nan nan nan sdB -2.561 0.1509999930858612 4.464936429121733 0.005179924029271244 5.456999778747559 0.05700000002980232 0.40614482827526366 0.4337367438496985 0.4677002731307984 1.371813358099818 1.4262478224332624 1.4929342655529023 0.18972485007899456 0.20370844396810706 0.22145213206417674 5470497.3986423835 22765400.287630603 31274468.873409472
spec-58100-GACII006N52B1_sp05-186.fits 0.3109999895095825 1.4572761860613257 0.16599999368190765 nan nan nan nan sdB -3.04 0.5770000219345093 4.515476441382376 0.006053899896335258 5.48199987411499 0.06599999964237213 0.4255814737688074 0.4839782437363802 0.52513202180257 1.5391657811099275 1.6041086623883922 1.7027433075206635 0.195471203174055 0.22262241000627592 0.25130123642584434 5070838.8736071335 11705122.55008389 18677698.978088092
spec-58043-GACII000N48B1_sp13-047.fits 0.9340000152587891 1.9070833661150266 0.4909999966621399 nan nan nan nan sdB -1.566 0.05900000035762787 4.393399695293102 0.002450680725679215 5.019999980926514 0.03400000184774399 0.42033162853606654 0.49246623332304373 0.5435403552383149 1.5405322304631788 1.6017721696458427 1.7021541106591092 0.3218731306211029 0.3441367687031728 0.3777557023291747 6958872.207427029 18616080.42344879 22224979.095825076
spec-56978-EG001639N015102M01_sp08-166.fits 0.5929999947547913 1.552108260147983 0.23600000143051147 nan nan nan nan sdB -3.323 0.06499999761581421 4.463743721247059 0.0022336470387636967 5.474999904632568 0.04699999839067459 0.41272336190518694 0.4389818806448618 0.4629643409937523 1.3567872076714835 1.4074532215891384 1.4452562125183726 0.19231300787833677 0.20653625572048764 0.22265074218873848 1770777.7498362768 4917182.449816239 31385150.29018229
spec-57695-M31007N41M1_sp10-178.fits 0.22699999809265137 1.3807176232753176 0.23100000619888306 nan nan nan nan sdB -2.709 0.26100000739097595 4.4252080511386565 0.010317800359998422 5.066999912261963 0.05900000035762787 0.4749638819989187 0.5735033227726549 0.6678606595490243 1.6317650015247345 1.7293323379031051 1.844349211924231 0.31235771528347467 0.354631383705843 0.39965151842442864 12077569.916718436 25563355.03634899 48443865.41349919
spec-56266-M31007N41B1_sp10-033.fits 0.5220000147819519 1.4690263077508614 0.25600001215934753 nan nan nan nan sdB -2.407 0.12200000137090683 4.424554976606713 0.008414314267692508 5.335999965667725 0.04100000113248825 0.42819624083672037 0.5066110016422664 0.5586824427229242 1.3365087686349444 1.4124499962817623 1.4982823500422926 0.22867742160098056 0.2474006932554949 0.26731250787322314 11955340.18197703 22804847.93921252 39597479.917086795
spec-58100-GACII006N52B1_sp05-166.fits 0.41999998688697815 1.289856402709257 0.20800000429153442 nan nan nan nan sdB -2.434 0.05900000035762787 4.425044874551389 0.0027656981246013774 5.423999786376953 0.029999999329447746 0.4224532798653411 0.509595970935521 0.5293814124175201 1.2427782744701288 1.28220235291374 1.3345155375076845 0.20570954585510676 0.21389509075739876 0.23308266418651885 10580703.825712707 15634819.235358486 23331717.048691276
spec-56266-M31007N41B1_sp03-101.fits 0.7870000004768372 1.671283948625015 0.24699999392032623 nan nan nan nan sdB -2.407 0.09399999678134918 4.481729196960016 0.0031398357603864115 5.546999931335449 0.054999999701976776 0.39121220135099044 0.4315692556340964 0.45722534843707185 1.3134162764140371 1.3882160491934554 1.4444874129433638 0.16993326700496741 0.18951057419305012 0.21576074144891277 7056771.196507218 11291020.83850058 15618891.116154758
spec-58076-GACII005N56M1_sp08-160.fits 0.4309999942779541 1.443513319323485 0.14399999380111694 nan nan nan nan sdOB -1.337 0.10199999809265137 4.544316141747427 0.006889802000478902 5.758999824523926 0.12600000202655792 0.4123436424389017 0.442666271335185 0.4896885089264824 1.35801179571192 1.4449208964633775 1.5438523409595433 0.13396121613514922 0.15305085745537025 0.18174809778504528 9347884.17039077 16536275.123066917 22996885.575295985
spec-56919-EG001605N080655B01_sp13-198.fits 0.31299999356269836 1.3928903207033465 0.18700000643730164 nan nan nan nan sdB -2.786 0.22499999403953552 4.472756449317212 0.0026241438261488327 5.390999794006348 0.05299999937415123 0.4173738855240246 0.46297214058218306 0.5225639025387471 1.466841863839361 1.5334343164716489 1.599574614506482 0.20878277225482406 0.23112188918517085 0.25381073424187933 18367335.904493637 30429654.897588607 38400257.82948522
spec-57015-M31007N33B1_sp01-234.fits 0.6079999804496765 1.4657099364182413 0.26100000739097595 nan nan nan nan sdB -2.272 0.052000001072883606 4.417969642214737 0.0056038775179984845 5.38700008392334 0.032999999821186066 0.4340469853627812 0.5098247977837327 0.5389653475885482 1.314536688184893 1.339254035653573 1.3602248051199797 0.22804981941410954 0.22956237248895095 0.23100030977836641 8481741.556885805 14921941.830829993 24188135.72129166
spec-58402-HD002045N325440B01_sp07-014.fits 0.421999990940094 1.4188314036613088 0.18799999356269836 nan nan nan nan sdB -2.984 0.004999999888241291 4.47928731647617 0.0015816072109978165 5.519000053405762 0.08399999886751175 0.39937432828207037 0.42808034188482214 0.4655485277616427 1.3315887506474977 1.4162585458096943 1.577269906173341 0.17694699833518385 0.1968068266866423 0.2275512847989465 11743548.61019909 15455678.98161354 19426500.551273182
spec-57336-M31004N46M1_sp07-056.fits 0.2639999985694885 1.2607628449361683 0.1120000034570694 nan nan nan nan sdOB -1.631 0.0860000029206276 4.55351894014897 0.00398826175668833 5.755000114440918 0.0689999982714653 0.42828399285943164 0.4716068810082955 0.5108234283189437 1.4121780438760347 1.4732926552944472 1.541016396464526 0.1381771696599794 0.15164226368012126 0.16857245600344734 19060021.63625671 24471777.920917608 30331157.71189118
spec-56232-M31007N36B1_sp01-223.fits 0.2680000066757202 1.1630122097748297 0.11699999868869781 nan nan nan nan He-sdOB -0.755 0.039000000804662704 4.518645524330312 0.006139924990910861 5.723999977111816 0.041999999433755875 0.4429244367045584 0.4577124851802329 0.4754242725630052 1.3775875491337328 1.4202408185484827 1.5458113210554982 0.15328157728697725 0.16705159803534397 0.18128100447798906 5730249.383273335 9791493.237453891 15740806.772115437
spec-56621-EG002616N034932B01_sp09-073.fits 0.46799999475479126 1.4939596745541812 0.16200000047683716 nan nan nan nan sdB -3.291 0.0 4.5298151966446305 0.0057320825320375055 5.684000015258789 0.0729999989271164 0.47773142118613665 0.49885672350602295 0.5210552456310933 1.2653890069667075 1.3562652586437305 1.4926851637088596 0.14784110216365048 0.1997874050919317 0.2516762127991713 12154268.870228246 14381563.654164802 17592010.193785552
spec-58100-GACII006N52B1_sp09-066.fits 0.6539999842643738 1.7324902589861038 0.19099999964237213 nan nan nan nan sdB -2.817 0.22599999606609344 4.557266528869905 0.005858431468140276 5.664000034332275 0.5759999752044678 0.43931646496734555 0.546314390086428 0.6704401437227397 1.0525587508399021 1.5161128786352251 2.0436596526573805 0.1833070308919566 0.3024447015754711 0.42908049148901295 8229405.2239386225 16939254.81926655 28587265.389308766
spec-56551-VB010N27V1_sp10-209.fits 0.5130000114440918 1.2485617413595744 0.19099999964237213 nan nan nan nan sdB -2.439 0.08799999952316284 4.433769833924866 0.008239325216086247 5.578000068664551 0.057999998331069946 0.40024898230597455 0.443617769764782 0.5184251898034569 1.1122113828274858 1.1773603459299111 1.2654205647170578 0.1606532580727586 0.17611949215220138 0.1963382934242753 4615581.655015597 11142869.738590427 23656004.391246855
spec-55907-M31_007N34_B1_sp10-118.fits 0.3659999966621399 1.8519612143746378 0.17000000178813934 nan nan nan nan He-sdOB -0.271 0.06599999964237213 4.608739919068788 0.0029833889385538397 5.552000045776367 0.07000000029802322 0.4158750573384158 0.6523830337776192 0.7319979142623535 1.8049117470633516 1.8669583798073488 2.068795137189696 0.17945632193466787 0.2218112242560193 0.24741347790575824 10383427.565693222 17960659.081051625 30971676.31565811
spec-57688-HD002813N442340B01_sp06-190.fits 0.2849999964237213 1.2274238959336634 0.10400000214576721 nan nan nan nan sdOB -1.457 0.15299999713897705 4.558468562523795 0.00761522164420092 5.8470001220703125 0.0989999994635582 0.4074132802955841 0.4509586139944645 0.5424915924358623 1.3100016704573128 1.41264187207101 1.5176503614707633 0.12531822428945014 0.13884889528983066 0.154564678391621 11151835.485808585 25837834.856340848 31252553.587495845
spec-57017-EG004141N200813B01_sp08-094.fits 0.5699999928474426 1.288651577789465 0.1420000046491623 nan nan nan nan sdB -2.275 0.06400000303983688 4.5082603055123345 0.0033557150568031646 5.890999794006348 0.05700000002980232 0.4239353190007911 0.43322263523321136 0.4656129226083444 1.1780366346921245 1.2980241136925854 1.3908938004254034 0.11712972148135901 0.13194631187755052 0.15319285461662935 2049097.4509199485 4057071.618606424 6839151.324385514
spec-56628-VB011N30V2_sp04-225.fits 0.43799999356269836 1.241172786770047 0.14499999582767487 nan nan nan nan sdB -2.237 0.052000001072883606 4.491221576239283 0.003906305003650194 5.75 0.03700000047683716 0.4320941679870062 0.4358364426681564 0.44070335703381947 1.2899552759056399 1.310344973723027 1.338056018072914 0.15730334367170848 0.15820241463992324 0.18038951038520581 3930680.1879726285 9143997.549067473 12307406.102946278
spec-56581-VB013N21V1_sp03-013.fits 0.29499998688697815 1.3066180044398448 0.19200000166893005 nan nan nan nan sdB -2.443 0.19699999690055847 4.44544851426605 0.008938952880905283 5.34499979019165 0.06599999964237213 0.4264963072803409 0.48487415945108037 0.5831585789061999 1.3969871896306767 1.4850813238339247 1.5991124856487189 0.22719979673767118 0.25586601990705016 0.282777143275621 6346072.97440567 13067325.044042937 21046351.19864297
spec-55907-M31_007N34_B1_sp04-029.fits 0.48500001430511475 1.4804525132809891 0.14900000393390656 nan nan nan nan sdOB -1.541 0.05999999865889549 4.545925329355843 0.0054026586480031055 5.7820000648498535 0.054999999701976776 0.41980774045103425 0.4526264474934597 0.5307631546739237 1.3720714073852573 1.4426825220137054 1.532696026246162 0.13418533919310047 0.14257336218884128 0.15583584901309372 22928330.354195047 24778605.397951335 28790851.338043895
spec-56551-VB010N27V1_sp06-158.fits 0.2409999966621399 0.977952121201462 0.10100000351667404 nan nan nan nan sdB -1.948 0.13300000131130219 4.502153892871361 0.004486412695141781 5.817999839782715 0.14399999380111694 0.412210783205892 0.43706818267471376 0.53467974895861 1.1534502935397188 1.3455176421574846 1.4950198710861498 0.12812136858199105 0.15515353428410095 0.19898295285323345 4799570.117182663 17606254.620085895 23694985.27447425
spec-56255-VB016N38V1_sp10-071.fits 0.9350000023841858 1.3815121747320243 0.14399999380111694 nan nan nan nan sdOB -1.87 0.10400000214576721 4.527372082827612 0.006780991357450687 6.083000183105469 0.09200000017881393 0.400640153646099 0.4470800346013263 0.5075637265862284 1.056190825548384 1.170440558283456 1.2277832468004248 0.09114796006010628 0.10412055408721536 0.11892209242429641 3556753.1323371986 29541539.859555718 31913771.201354012
spec-55892-F9202_sp06-211.fits 0.2759999930858612 1.3880834313836485 0.14900000393390656 nan nan nan nan sdOB -1.902 0.09700000286102295 4.522313795156667 0.007757773680710845 5.525000095367432 0.08399999886751175 0.4171018744895077 0.4255295433304155 0.5027789309068259 1.6078513156231378 1.6506555911485359 1.6869878237314553 0.2047169261100941 0.207714541223579 0.2294571286823318 6988525.727092668 13586838.192819085 20158653.265370246
spec-56287-VB016N33V1_sp02-063.fits 0.5099999904632568 1.3501122800983638 0.21400000154972076 nan nan nan nan sdB -2.89 0.0949999988079071 4.433769833924866 0.003980728895522249 5.482999801635742 0.01899999938905239 0.4166223819426614 0.5193862027030394 0.5272222274744223 1.2442185771505256 1.2753924676571928 1.3601953807269325 0.19303060678129572 0.1999960499868081 0.2171632434418514 7564115.655718379 10736164.52895014 13647868.852906756
spec-56287-VB016N33V1_sp04-147.fits 0.3440000116825104 1.7978904830583489 0.18700000643730164 nan nan nan nan sdOB -1.693 0.14000000059604645 4.57391544042155 0.011770838030946246 5.433000087738037 0.07599999755620956 0.44343108773119966 0.5548390925606389 0.6762180838490242 1.8213109318676288 1.9428874817135324 2.10484717330144 0.2172977736457829 0.2546929521041992 0.2954450082597703 7464455.957831591 15399418.940248601 22501143.56624218
spec-56199-EG010159N023133V_1_sp12-148.fits 0.49300000071525574 1.3023525779195626 0.1940000057220459 nan nan nan nan sdB -2.721 0.052000001072883606 4.443419461782818 0.002806939995345821 5.553999900817871 0.017999999225139618 0.45218908269092234 0.5175533238550714 0.5263410078746414 1.2175487286176843 1.2448350593062847 1.2771460562968195 0.1762732391560828 0.1812381281355131 0.1876133635771081 2317972.084770481 5138033.486756967 8516350.950303372
spec-56255-VB016N38V1_sp01-006.fits 0.527999997138977 1.3708460382359764 0.15600000321865082 nan nan nan nan sdOB -1.635 0.023000000044703484 4.508798965403905 0.0009410501664773422 5.7729997634887695 0.020999999716877937 0.41117221829233475 0.4362384083705896 0.5223220300008024 1.2597805522340477 1.3039744021260122 1.3682214074841856 0.13573348562613366 0.14243969382095747 0.1538455631432061 19774809.183496926 22363969.727247108 25307921.28332145
spec-56620-M31016N43B1_sp01-066.fits 0.42500001192092896 1.4217848452152524 0.25 nan nan nan nan sdB -2.179 0.12399999797344208 4.416474079100221 0.01488968505876653 5.257999897003174 0.07400000095367432 0.42897399442492834 0.4376258690023514 0.5446358025691663 1.3075776167992668 1.3544111927283207 1.4023028066816323 0.2289993033844736 0.2317822805163918 0.2491910715086608 8750305.361591179 18608379.87282505 34399050.98498281
spec-58424-GACII018N51M1_sp15-207.fits 0.3440000116825104 1.2113875529368587 0.10700000077486038 nan nan nan nan sdOB -1.468 0.054999999701976776 4.548143637434846 0.0030623063130607695 5.896999835968018 0.07800000160932541 0.41443778700795036 0.4500793649722914 0.5419429336267755 1.2402680433628683 1.3212368600105893 1.406781316686258 0.12078397485866907 0.13385210006312825 0.1495699498241164 17889605.75946316 24614911.017807536 29454981.56170348
spec-55924-M31_016N38_B1_sp08-132.fits 0.4749999940395355 1.4372430611770062 0.2070000022649765 nan nan nan nan sdB -3.44 0.4320000112056732 4.463445031770428 0.002383783587008677 5.486000061035156 0.03200000151991844 0.4107605218934757 0.4372105083980894 0.4617096654977972 1.3396860859816793 1.3716523287202786 1.410886300484632 0.18573730477018746 0.193716999073891 0.20356628335366975 2536346.4059677245 11172685.107601035 21849562.17497884
spec-55920-F5592001_sp15-234.fits 0.7059999704360962 1.5616737023990064 0.23899999260902405 nan nan nan nan sdB -3.148 0.15299999713897705 4.463295609962003 0.0008957606789968295 5.531000137329102 0.009999999776482582 0.4119704797771768 0.449921569743889 0.5316032631362336 1.3077285825422102 1.3313343701729832 1.3513363999532912 0.17866068206302105 0.18346857723493518 0.1876807369228324 7558930.280553631 11299098.388722105 14968664.641499076
spec-56256-VB018N47V1_sp12-038.fits 0.7269999980926514 2.087330567865698 0.1979999989271164 nan nan nan nan He-sdOB 0.074 0.08799999952316284 4.635182048656268 0.00519999605330079 5.697999954223633 0.11400000005960464 0.4290805399827369 0.5304479544478046 0.6815839584090531 1.7681004049289628 1.892272579206124 2.0632393620429017 0.15722518526477952 0.19257449909359003 0.22662134030691158 7853437.821685982 16859751.778693862 34510906.284351684
spec-57399-M31021N40B1_sp10-223.fits 0.35199999809265137 1.4392379283321444 0.20900000631809235 nan nan nan nan sdB -2.842 0.09300000220537186 4.460897842756548 0.0031443626822629236 5.3520002365112305 0.020999999716877937 0.4281849707644722 0.47461254860855906 0.5091298093090805 1.4665525103975277 1.4956344660627623 1.5314885550226822 0.22143669810886507 0.2367672365103881 0.25019643233346295 2286232.1778958426 5301747.1212266 8017660.635195246
spec-57360-EG012256N315028B01_sp01-132.fits 0.2919999957084656 1.3861242584003117 0.19200000166893005 nan nan nan nan sdB -1.974 0.09000000357627869 4.466274321789292 0.005017389269646574 5.336999893188477 0.04600000008940697 0.43123305818154856 0.4399177796349492 0.5125903099241529 1.3954720559908032 1.5297287987443104 1.581127735022319 0.2385710202213805 0.24124192659235197 0.2429658560625436 10310138.97842355 14690478.869649995 18936580.182784986
spec-57299-EG013129N152044B01_sp15-074.fits 0.6460000276565552 1.4091381611538638 0.1809999942779541 nan nan nan nan sdB -2.416 0.029999999329447746 4.484157424365381 0.0018477619968614981 5.724999904632568 0.012000000104308128 0.39679112758539464 0.4106179132236099 0.43159861407451966 1.1898650420391605 1.233956617311185 1.2754253877235384 0.1372314011088852 0.14450339529893283 0.1487547535635839 2993527.986381331 3860229.9038239606 4935836.549339637
spec-56979-EG014118N254444B01_sp14-156.fits 0.460999995470047 1.5720812571563283 0.24199999868869781 nan nan nan nan sdB -2.442 0.5360000133514404 4.461648568063455 0.01066897825338686 5.328999996185303 0.07999999821186066 0.43477273022891294 0.5030213496076028 0.6202241434735267 1.494114819911073 1.5880878201331579 1.7206374494835928 0.23310931010771707 0.264809237414896 0.30388588242671416 5778002.234016872 15769663.903147882 40410343.17732394
spec-57709-EG013740N120442V01_sp04-144.fits 0.46399998664855957 1.2310616106149541 0.15800000727176666 nan nan nan nan sdB -2.258 0.05299999937415123 4.471144965160633 0.007421530433210365 5.710999965667725 0.019999999552965164 0.4307208368446891 0.43638600865513 0.44127522586073126 1.1962233918895164 1.2239556554760842 1.2576472093179067 0.15508033460591023 0.15587142206822616 0.15701602908927859 12731830.528624162 16428371.778589483 20277585.260097567
spec-56561-M31023N33B1_sp06-176.fits 0.4860000014305115 2.012752887491216 0.18199999630451202 nan nan nan nan He-sdB 2.813 0.1459999978542328 4.635684762547222 0.008852295231184837 5.605999946594238 0.15399999916553497 0.4754822178983877 0.49186201598010776 0.5744344763947565 1.6098691878640008 1.7413703326862282 1.9942290699779988 0.16703193588485257 0.19096051964676353 0.23048921602908046 10599471.249048717 16661858.731244087 23434554.983602606
spec-55907-M31_021N30_B1_sp13-190.fits 0.43299999833106995 1.1181654852431238 0.14900000393390656 nan nan nan nan sdB -1.73 0.04699999839067459 4.455149521179828 0.004092143698254066 5.736000061035156 0.028999999165534973 0.40129905825039464 0.4411148284684306 0.5248182510818533 1.0710876115938472 1.1250538107812007 1.1781882401378836 0.13908006063744943 0.14724949385423727 0.1535769264777309 11164812.60211962 16305690.811508 22952331.377965845
spec-57282-M31025N35B1_sp13-006.fits 0.44699999690055847 0.8755242639493087 0.10300000011920929 nan nan nan nan sdB -2.665 0.22499999403953552 4.4750898033890065 0.006209469943849122 6.063000202178955 0.08399999886751175 0.38057949670021995 0.4225547622730895 0.46738996023634055 0.8632411399629333 0.9438220763189468 1.0466359319116958 0.09316565057174751 0.10352858490639755 0.11513254407755384 2852592.3041361943 4242175.358880416 6401722.275642016
spec-57675-HD014236N482459V01_sp13-129.fits 0.5709999799728394 1.5690460164459004 0.1770000010728836 nan nan nan nan sdB -2.001 0.06499999761581421 4.529558673021163 0.0012811055953573598 5.702000141143799 0.039000000804662704 0.432607906784397 0.4506460806670362 0.4970050369500692 1.428355637144765 1.4900327519839403 1.4996374864127235 0.1610634812504799 0.16282878277119164 0.18811260321341292 14607271.823026776 19866896.583356105 20709604.060434528
spec-57326-EG015109N203051B01_sp09-232.fits 0.7540000081062317 1.5823702165498001 0.17399999499320984 nan nan nan nan sdOB -1.539 0.07400000095367432 4.5394524915494605 0.00918256826529077 5.830999851226807 0.13500000536441803 0.4107664284334559 0.45422162905375774 0.5303837118692184 1.2367113543543964 1.350715175234307 1.4909303091841901 0.12174796121086723 0.14060543930872696 0.16786860932839046 4673800.464669971 24092838.623752676 28934143.917604677
spec-56641-VB032N44V1_sp10-229.fits 0.6389999985694885 2.053320504794366 0.18199999630451202 nan nan nan nan He-sdOB 1.511 0.6610000133514404 4.643156465619707 0.011597467633223979 5.716000080108643 0.15700000524520874 0.43249176827924796 0.5825822055856876 0.7182529047944783 1.7260462696256638 1.8542982310738405 2.034944710531102 0.15291950918333372 0.18498403238461392 0.21523556248898487 12065457.480451405 24237833.63252051 43152225.70431426
spec-55910-B91003_sp02-097.fits 0.5509999990463257 1.3658248068593644 0.19200000166893005 nan nan nan nan sdB -2.47 0.1120000034570694 4.4611982886224935 0.008770920877466247 5.616000175476074 0.06700000166893005 0.39081927269211875 0.4125216580789431 0.44308483592295334 1.1712043111531092 1.2384733066881561 1.3112511101901856 0.1571500601182889 0.16921065245899797 0.18279396986804256 4036731.2131525297 21980695.761599667 42237646.40826153
spec-57030-M31028N29B2_sp13-054.fits 0.24500000476837158 1.017992737766433 0.12200000137090683 nan nan nan nan sdB -4.54 0.9380000233650208 4.471144965160633 0.0008797325396484107 5.651000022888184 0.017999999225139618 0.40797859435456185 0.44731574954415765 0.5290633244411795 1.175241517421431 1.2197242878437344 1.2654805873511372 0.14748155278833616 0.15552185335189767 0.16303197721243934 11131034.932712696 14293562.284687545 16791698.251155175
spec-57051-HD020220N465033V01_sp08-165.fits 0.6690000295639038 1.6899833122532595 0.32199999690055847 nan nan nan nan sdB -1.602 0.03400000184774399 4.429752280002408 0.0016114841565792889 5.248000144958496 0.03200000151991844 0.42389215771185723 0.4773258338096814 0.581387687101069 1.4530558519510357 1.4962467156263892 1.5638700948076083 0.24949424973074796 0.26663298870834545 0.2958900073452646 7957968.868362657 12254669.554979099 16610026.508897161
spec-57760-HD021554N364614B01_sp14-015.fits 0.42500001192092896 1.367635419790511 0.21199999749660492 nan nan nan nan sdB -2.847 0.12099999934434891 4.441380884916511 0.0034443145932363476 5.413000106811523 0.03200000151991844 0.4103875804343273 0.44760379252268734 0.563700326121122 1.339122765572306 1.375954755677085 1.4583135078264866 0.21159282722566852 0.225774022562583 0.24825161448737623 4687131.385603337 8303415.778405255 11841743.501946077
spec-57328-HD020325N544136B01_sp04-124.fits 0.6439999938011169 2.202343891495285 0.3580000102519989 nan nan nan nan sdOB -1.563 0.03999999910593033 4.537441283407948 0.019222978714620902 5.127999782562256 0.07100000232458115 0.439722398782882 0.5652160187460267 0.6952620584279047 1.9856607738724539 2.1151316653125587 2.25950403040932 0.2806105235586065 0.33379450140056316 0.3870301040163858 10517720.65321007 20880982.74526894 30372940.5135771
spec-56257-VB031N41V1_sp12-135.fits 0.5450000166893005 1.3994833515044525 0.2370000034570694 nan nan nan nan sdB -2.626 0.18700000643730164 4.424391554410278 0.0058447990012329525 5.425000190734863 0.04899999871850014 0.4319807091040223 0.512479442441031 0.5340752318908569 1.2481585747476989 1.3052298016911703 1.3733614627845043 0.20519080956234692 0.2212968908328677 0.24085640503223038 10095695.220265314 19802304.21617936 28675322.310051806
spec-57025-EG020648N012631V01_sp09-126.fits 0.3790000081062317 1.9208639182299914 0.164000004529953 nan nan nan nan He-sdOB 0.385 0.0989999994635582 4.63286204010023 0.005127740684455364 5.5929999351501465 0.10899999737739563 0.4399411342410692 0.6723527388113607 0.759056373666927 1.8355358465518377 1.9442879654733605 2.121479877080009 0.16232832322652818 0.19258037466866618 0.22173091982573784 12544223.846613878 22737052.774799168 36026581.805642314
spec-57025-EG020648N012631B01_sp13-234.fits 0.30300000309944153 1.2430132311496778 0.13899999856948853 nan nan nan nan sdB -2.712 0.12099999934434891 4.5003737143533735 0.005047613229907057 5.630000114440918 0.024000000208616257 0.4149100563419156 0.4363096972172983 0.45313136261951886 1.3190803225053538 1.360694609113766 1.3938654359852247 0.16326174916893138 0.1691773788290734 0.17555927930143203 1333616.1422990041 4555542.243573504 7787040.757759056
spec-57327-EG022114N232535B01_sp10-233.fits 0.3019999861717224 0.9360107957152096 0.13899999856948853 nan nan nan nan sdB -3.159 0.2280000001192093 4.424881636631067 0.003900874865887449 5.629000186920166 0.04100000113248825 0.3966862923276183 0.4459641179555296 0.5121289913563989 1.0479754018178062 1.0973173535085443 1.1411831466676792 0.153292209780335 0.16466315175408344 0.17371813766390837 1911484.231277245 5784775.095261553 9542163.253731588
spec-58107-GACII033N47M1_sp11-098.fits 0.5220000147819519 1.496085134397702 0.13199999928474426 nan nan nan nan sdOB -1.469 0.09399999678134918 4.573103783163991 0.005420822111002085 5.90500020980835 0.041999999433755875 0.39707711227145503 0.43273831192764145 0.45954273919849975 1.3403190435896999 1.4084043347375648 1.4750410847606177 0.11572126447978923 0.12353725751282196 0.131380227901053 24091168.992805097 29077864.93059419 33192919.42388792
spec-57400-HD021125N313135B01_sp07-157.fits 0.35899999737739563 0.8612953935266959 0.15199999511241913 nan nan nan nan sdB -3.653 0.23100000619888306 4.385069776331934 0.0016075076289029703 5.632999897003174 0.014000000432133675 0.3892585463512608 0.4014723772420463 0.4148979852395347 0.8967276339023486 0.9204747996563756 0.94100692800723 0.15297911354844002 0.15962927328039042 0.16406718208954496 1464444.9895535968 5389713.107103248 13581386.036911488
spec-58100-HD020840N420946B01_sp12-124.fits 0.3959999978542328 1.497040282255931 0.14499999582767487 nan nan nan nan sdOB -1.502 0.03700000047683716 4.555578072772955 0.016014310588352218 5.706999778747559 0.028999999165534973 0.420288921796827 0.4569102321947087 0.5042193347195089 1.4615656299744892 1.529658119857853 1.6187747586810806 0.14595846407283034 0.1533628775611309 0.16424295319865112 11153197.583453175 21090392.012436733 25453592.85580063
spec-56597-VB031N27V2_sp13-178.fits 0.6489999890327454 1.3677471689502072 0.1469999998807907 nan nan nan nan sdOB -1.613 0.03099999949336052 4.520090328112842 0.0014400131658684815 5.921999931335449 0.03799999877810478 0.4061878482303143 0.44429111507534763 0.5417642226892563 1.1850870342012243 1.2479082641135992 1.342820460328519 0.11460053974433246 0.1266277332445394 0.1416076771360385 8673089.15471054 23212553.125491876 28304466.107930347
spec-57327-EG022114N232535B01_sp15-205.fits 0.24799999594688416 1.7583364873309786 0.1599999964237213 nan nan nan nan He-sdB 2.032 0.03799999877810478 4.600537294364469 0.007346449992521119 5.418000221252441 0.3709999918937683 0.38626650948045294 0.5258983467548844 0.5327497408336958 1.0146947180636583 1.4645690843481518 1.6494863189673679 0.12670123807033534 0.1677817240733773 0.18086747535043507 3495057.944952896 6606432.232033173 14665038.728265017
spec-58398-GACII038N55M1_sp02-180.fits 0.5210000276565552 1.3250433474037042 0.20399999618530273 nan nan nan nan sdB -2.783 0.5360000133514404 4.440594261839831 0.005165574648800058 5.541999816894531 0.0860000029206276 0.40766147999275604 0.4464947532242448 0.5298785257524058 1.171948887423537 1.2561175773805613 1.360116946350029 0.1718745115779357 0.19122155232434818 0.21901283989566667 3435104.546441555 11981110.255832639 52417275.74920169
spec-57327-EG022114N232535B01_sp08-221.fits 0.34700000286102295 1.3475056494759026 0.11500000208616257 nan nan nan nan sdOB -1.012 0.054999999701976776 4.568319085095112 0.00432021194770151 5.86299991607666 0.057999998331069946 0.40349108220790275 0.43160419592170196 0.4530708927106301 1.3531586998409275 1.41715989756471 1.4585186194599489 0.11992539252090186 0.12884211776265153 0.13658013621687565 8059405.598077255 16422311.599841405 21758578.886242706
spec-58137-HD022353N335128B01_sp06-097.fits 0.4790000021457672 0.9577509108772793 0.17800000309944153 nan nan nan nan sdB -2.804 0.012000000104308128 4.375114684692225 0.004915563275605662 5.618000030517578 0.026000000536441803 0.3953129708145666 0.40789484206149723 0.419775110826394 0.8527909123586462 0.8869594307680131 0.9168559002817374 0.15328099396664652 0.1604430657989761 0.1671531414440714 3164998.5207631704 7232419.00909467 11323526.455755644
spec-56616-VB035N42V2_sp12-223.fits 0.4090000092983246 1.401590072406656 0.1420000046491623 nan nan nan nan sdOB -1.71 0.039000000804662704 4.53655844257153 0.007137189737714679 5.744999885559082 0.0560000017285347 0.42541378770167554 0.4577116995827948 0.5270679821975952 1.3687715233568025 1.4239537485741736 1.5130591479474877 0.1399849370932269 0.15100741505157556 0.16343121296782437 20658722.795863193 23424856.27111683 27072458.982052766
spec-56609-VB035N38V1_sp06-221.fits 0.12099999934434891 1.0232524596337116 0.0860000029206276 nan nan nan nan He-sdOB 0.283 0.7620000243186951 4.5513279880038455 0.011202780858415473 5.656000137329102 0.11999999731779099 0.4448225253948298 0.5449736756384884 0.646054495376585 1.465472249121273 1.6341923911557457 1.8034673711818663 0.1620782020278578 0.19530195088137026 0.2295921427462119 20443849.65897642 47328711.90521932 87590863.46081537
spec-57300-EG024123N083137B01_sp10-005.fits 0.2709999978542328 1.2916352070879007 0.16599999368190765 nan nan nan nan sdB -2.391 0.07000000029802322 4.474653253362063 0.0015985426449708227 5.431000232696533 0.029999999329447746 0.4075637340729203 0.4586246804704784 0.48475560585859884 1.4204552390927847 1.4977258279135883 1.5596152290459062 0.1989636704543275 0.2217059477364396 0.24424308731199437 20267192.24140211 24860855.017452337 30568247.859013855
spec-57031-EG024121N042539B01_sp09-213.fits 0.574999988079071 1.2974103088973914 0.12300000339746475 nan nan nan nan He-sdOB 0.094 0.03099999949336052 4.541454428747589 0.00137099821159091 6.02400016784668 0.026000000536441803 0.4107230470910937 0.45005615025192314 0.5421203227128497 1.1257331588822803 1.1825229539906834 1.2351039028916426 0.10530621978231115 0.11188507934820413 0.12313058256659687 8512925.318130419 11419972.281875255 13828456.968525525
spec-57039-EG024027N133137V01_sp08-084.fits 0.40299999713897705 1.6774974529135753 0.2240000069141388 nan nan nan nan sdB -1.535 0.023000000044703484 4.506775536606644 0.0017541823646432 5.3429999351501465 0.012000000104308128 0.4191136531538693 0.4519983322003985 0.5544823900132818 1.6728525970994212 1.7010997252869515 1.7354712040166012 0.23486890110687844 0.2633107370900997 0.2893908979290939 10714201.172273275 12545398.624352437 14877397.851489171
spec-56255-VB041N35V2_sp12-150.fits 0.8629999756813049 2.005733756688483 0.17800000309944153 nan nan nan nan He-sdOB 0.516 0.028999999165534973 4.638688886690123 0.002090590654733532 5.892000198364258 0.13300000131130219 0.44863332797647604 0.5403423229614833 0.6225727441747981 1.5586082146107993 1.6865870805004186 1.8583863823613929 0.1299294663438068 0.15901631708377165 0.19041691787926474 6723215.410837915 22910820.388240393 45023914.911223255
spec-58495-HD024803N513305B02_sp01-194.fits 0.3230000138282776 1.310438394815848 0.15700000524520874 nan nan nan nan sdB -3.008 0.7940000295639038 4.491921712586151 0.0022328814322919565 5.559999942779541 0.03500000014901161 0.40599782136847967 0.4298379712290542 0.49082820470522115 1.377923503952108 1.4160426824295285 1.4590579375847856 0.17937917142572765 0.18676645350672183 0.20555186707589215 5655558.810635011 9449352.861299567 17085229.857124425
spec-57367-EG025805N204007M01_sp07-175.fits 0.4259999990463257 1.505367071292136 0.20600000023841858 nan nan nan nan sdB -3.74 0.0 4.480581786829169 0.0021489132507739347 5.434000015258789 0.03400000184774399 0.47461433114020446 0.49738314677108325 0.5185831508064015 1.2555190870394117 1.3593698106466512 1.479557815864962 0.14514842100255462 0.19489907487605274 0.2394675427604494 12486043.732852995 15055557.018364426 17551353.564771228
spec-57304-EG025335S013827B01_sp06-216.fits 0.45899999141693115 1.373059196491903 0.2240000069141388 nan nan nan nan sdB -2.46 0.04899999871850014 4.4284587735155805 0.0037084959270081257 5.39300012588501 0.023000000044703484 0.40530100194171814 0.5194832252287838 0.5307101573313218 1.2908535273652677 1.3268947816021588 1.4252783971471095 0.2118442878068752 0.22415954043507375 0.23947019933302036 12261706.357197333 17939503.614160165 26010031.614455707
spec-56930-GAC045N28M1_sp04-157.fits 0.28299999237060547 1.2459073016276765 0.10199999809265137 nan nan nan nan sdOB -1.595 0.05400000140070915 4.569022586029564 0.002686245779123983 5.868000030517578 0.07100000232458115 0.40527984166159947 0.44248916784668857 0.5381074541126761 1.341495537772833 1.4207437203512672 1.5032646475384688 0.11891912795744297 0.1310707501977611 0.14706314489622074 20146387.07098431 27946547.86007424 31697334.547670454
spec-57401-EG031827N151038B01_sp03-078.fits 0.34299999475479126 1.7966991922678832 0.14800000190734863 nan nan nan nan He-sdOB 1.322 0.04800000041723251 4.624385241420265 0.0018524437266353082 5.630000114440918 0.024000000208616257 0.5379969655861149 0.5494929405731032 0.6892867827687433 1.7722172774336495 1.813677970325682 1.8670931997666491 0.15323769204433277 0.18065595122016007 0.19998604827709324 17847282.66811997 21428959.17591145 26413586.064818606
spec-56239-GAC049N32B1_sp04-053.fits 0.6620000004768372 1.383240712265224 0.14000000059604645 nan nan nan nan sdOB -1.617 0.05400000140070915 4.534660575828444 0.0029066813242308066 5.9730000495910645 0.04699999839067459 0.3974619327544992 0.43380528875108837 0.5432119605183171 1.1483455079651579 1.2146615977457758 1.302844376111586 0.10943028758239434 0.11922747382794639 0.13231279301032575 3632038.004266866 27493310.29576419 32016198.104791246
spec-58103-GACII049N44M1_sp05-109.fits 0.3580000102519989 0.8211203237768238 0.10599999874830246 nan nan nan nan sdB -3.157 0.14100000262260437 4.45408227073109 0.002587358692667547 5.936999797821045 0.024000000208616257 0.3899388274858974 0.41030482972375915 0.45683601168864685 0.8759518790434817 0.919034737163881 0.9490227858211482 0.10770512562748558 0.11279736183798938 0.11974126367517834 2248406.039156909 3671360.402418487 7803222.035091389
spec-57415-EG031956N084159B01_sp08-170.fits 0.3569999933242798 1.3633675029434862 0.1420000046491623 nan nan nan nan sdOB -1.735 0.05299999937415123 4.526468512469478 0.006540510026008019 5.688000202178955 0.07100000232458115 0.425947911369618 0.465764583671831 0.5092913522273044 1.3730341760104527 1.4381496379594707 1.517270713585866 0.14604108991867365 0.1604789761465587 0.1777734696569442 15088958.516520757 21973846.055955306 25388669.950826406
spec-55892-F9204_sp15-230.fits 0.453000009059906 1.2135708784546186 0.13600000739097595 nan nan nan nan sdB -2.061 0.03200000151991844 4.498999363580153 0.0030178512469943132 5.836999893188477 0.052000001072883606 0.4306028884096313 0.5027852604657036 0.5373430310605433 1.331347646624919 1.3743682555043417 1.5218252474507328 0.15830168996632388 0.19833021525120192 0.20132781653310688 11610603.798093451 16296801.236651672 18486150.869531825
spec-56975-GAC052N35B2_sp11-138.fits 0.5849999785423279 1.295017011881458 0.2199999988079071 nan nan nan nan sdB -2.837 0.05299999937415123 4.4151403521958725 0.0024973874563569004 5.520999908447266 0.013000000268220901 0.4213499054967935 0.5069944688482021 0.5142650300191302 1.1249434970623406 1.1521086116869457 1.2078891832055016 0.1813318017034369 0.18506754688161883 0.18942646906217916 7929759.1818383355 10982650.85925714 13919626.805286914
spec-57030-GAC053N32B1_sp11-128.fits 0.27399998903274536 1.3351167502805863 0.12999999523162842 nan nan nan nan sdOB -1.67 0.04500000178813934 4.53832233323144 0.005249090730925461 5.644000053405762 0.05299999937415123 0.4206219128867119 0.46914024786238984 0.499187579182378 1.4831754973686435 1.537693003844146 1.5891046518119647 0.1559607915351413 0.17004930875952046 0.1859444132710406 15912787.699081335 19945743.99052637 23437157.95269592
spec-58019-GACII052N48M1_sp07-246.fits 0.38100001215934753 1.4761212269379829 0.14800000190734863 nan nan nan nan sdOB -1.443 0.05400000140070915 4.5464192668351915 0.0025839951905961694 5.672999858856201 0.04100000113248825 0.44017358427909475 0.4820652148075384 0.5017276875531769 1.4723484505051252 1.5061035733612425 1.5608464213420228 0.15241998730119974 0.16174157586707694 0.17272036526064613 16877445.423860297 17372223.025008805 20956120.996156313
spec-57035-GAC054N40B1_sp11-237.fits 0.4269999861717224 1.1632806702619063 0.1720000058412552 nan nan nan nan sdB -1.513 0.03200000151991844 4.434568904034199 0.002229606197604757 5.59499979019165 0.03400000184774399 0.39815575554362975 0.4263589732808707 0.5141021239608852 1.1154652898107 1.1682367801231426 1.2363411329053748 0.1640293266989442 0.1702530632204226 0.17912864514003168 5149408.011185969 10073380.674962716 13788755.868031379
spec-57035-GAC054N40B1_sp15-043.fits 0.3720000088214874 0.589055531052344 0.13199999928474426 nan nan nan nan sdB -4.461 0.0 4.34713478291002 0.006204312401284782 5.763000011444092 0.029999999329447746 0.4784359572929625 0.5057444717859503 0.5255793954358168 1.1791550003986544 1.3621494834013332 1.4633049686655615 0.16213662437390952 0.2029947272891042 0.2634461410832429 12589092.340650398 15188321.023236144 17435974.000985846
spec-57694-GAC056N24M1_sp03-164.fits 0.46000000834465027 0.966939163021113 0.164000004529953 nan nan nan nan sdB -3.528 0.0 4.396896449142524 0.007252800067171242 5.664000034332275 0.07500000298023224 0.4785273304334316 0.5021760440094374 0.5258065902099931 1.2551301739477836 1.3436554642988723 1.4526773088943181 0.1488680333602989 0.19541917145836785 0.2492546542164066 12692177.424054822 15008996.231575236 17588092.306593426
spec-56930-GAC055N19B1_sp04-028.fits 0.699999988079071 1.8513011643743005 0.14300000667572021 nan nan nan nan He-sdOB 0.644 0.061000000685453415 4.64679568877847 0.007573402196816539 5.965000152587891 0.08399999886751175 0.43676181553604204 0.4900127269445032 0.5418682683377439 1.5073860029012554 1.5876553549961696 1.7072685968325751 0.11656390236367363 0.13809159597428242 0.1612500373143803 6169648.501081863 11749188.768521395 32229521.253270067
spec-56930-GAC055N19B1_sp11-209.fits 0.7039999961853027 1.4460242850234906 0.2240000069141388 nan nan nan nan sdB -2.74 0.08900000154972076 4.449169732165201 0.006740508217542021 5.5879998207092285 0.05700000002980232 0.4028897318965836 0.44902262847869673 0.5251160742643471 1.1730243078393436 1.2367855265169696 1.298212189483114 0.16307579805682318 0.17295781641257826 0.18480637649461157 14030241.909565607 30552481.06787744 52697208.735492215
spec-56618-GAC057N34B1_sp11-115.fits 0.15000000596046448 0.9998696921082678 0.13300000131130219 nan nan nan nan sdB -2.576 0.42800000309944153 4.4497868469857735 0.004905602253703519 5.366000175476074 0.07999999821186066 0.4191057953618219 0.4682420236664726 0.5829022762320494 1.408830354611744 1.4883491018451862 1.6008730501986455 0.21511639310510458 0.23995348321263088 0.27824765644003385 5614562.511483962 10530096.841774318 16406948.243294163
spec-58017-EG034816N110835M01_sp07-104.fits 0.36800000071525574 1.0367486291722021 0.20000000298023224 nan nan nan nan sdB -3.516 0.19900000095367432 4.371252629124939 0.003129068925942782 5.4079999923706055 0.013000000268220901 0.402674624440458 0.4189801314409676 0.4455443554290957 1.0678059714034938 1.0882186285058215 1.1104514129947707 0.20360615735109247 0.20933452414350956 0.2143080430301106 15394327.395730665 31133460.99708598 38727016.73664818
spec-56562-EG034816N110835V01_sp08-059.fits 0.3799999952316284 1.7784913145533834 0.14399999380111694 nan nan nan nan He-sdOB -0.005 0.057999998331069946 4.627365856592733 0.0023494760543995483 5.695000171661377 0.05000000074505806 0.40865574531755056 0.45105556237458533 0.6260055320630175 1.7789218825966935 1.8372802912498485 1.971424950051683 0.15837286625680624 0.19018609368843797 0.2116777959790792 4236817.948155255 8992871.23764735 15141494.480600812
spec-56562-EG034816N110835B01_sp06-197.fits 0.3569999933242798 1.2868604855223733 0.21199999749660492 nan nan nan nan sdB -2.679 0.06300000101327896 4.420615770625765 0.0024661876714659934 5.334000110626221 0.013000000268220901 0.42596233842382647 0.5205057182399817 0.5609463349364572 1.343635816392964 1.3644419576013103 1.3901649480880558 0.228691724067557 0.23662506203281725 0.2539882008131348 10706027.649492916 13180760.977278354 15476558.179419018
spec-55863-GAC_060N28_B1_sp05-078.fits 0.7129999995231628 2.0979441388640945 0.3409999907016754 nan nan nan nan sdB -2.842 0.4909999966621399 4.521268875598385 0.010848240650418747 5.2220001220703125 0.1420000046491623 0.45904111024871563 0.5623551475310572 0.6731159912532529 1.8057937408000946 1.9562043225017351 2.1373967992827323 0.262122423895315 0.322483333711535 0.3850591959283537 12590308.704102658 22991951.665868796 38609602.441125825
spec-57387-GAC059N38B1_sp01-025.fits 0.5139999985694885 1.150572247668998 0.24699999392032623 nan nan nan nan sdB -3.074 0.22100000083446503 4.351796306897024 0.002312132250377408 5.361000061035156 0.017000000923871994 0.3975472234529999 0.41516582882351116 0.4406045276410558 1.0247745362892065 1.044615043847168 1.06346958783972 0.21357044687907967 0.21836464121753785 0.22440995715231757 9059233.017443258 13136879.776809324 18372632.28103533
spec-57009-GAC058N16B1_sp13-233.fits 0.7929999828338623 1.5552274989282182 0.24199999868869781 nan nan nan nan sdB -3.146 0.19900000095367432 4.458637849025649 0.004358763002406836 5.571000099182129 0.041999999433755875 0.39918517338246584 0.4195073527063404 0.46267284279995496 1.2299741971039997 1.2782782199346494 1.3236787771366136 0.1675491925172645 0.17806068798326366 0.18952614942586243 3953191.038393733 19479606.76747051 43444681.042926416
spec-56619-GAC058N31B1_sp13-038.fits 0.45399999618530273 1.2972789102331133 0.1120000034570694 nan nan nan nan sdOB -1.519 0.07599999755620956 4.561220678933944 0.004036664486269948 6.001999855041504 0.10499999672174454 0.4005018024207021 0.449271800404328 0.5358053010266745 1.195407099225844 1.2941427954205167 1.4011647519449397 0.10423796646018607 0.11642658250644672 0.13046671754042452 25432801.091612436 30143132.41933439 33140217.473812066
spec-57387-GAC059N38M1_sp07-109.fits 0.22599999606609344 1.1704964057448477 0.1080000028014183 nan nan nan nan sdOB -1.432 0.08699999749660492 4.537441283407948 0.0036384843686812036 5.7230000495910645 0.10199999809265137 0.4267595692778554 0.4660025900129937 0.5124714381839964 1.3763772842446378 1.4575669773856232 1.5318391000301068 0.14552411634792436 0.16354359128232648 0.1893045871964667 16110914.467381526 23021596.443029918 27485758.517733075
spec-56592-GAC061N24B1_sp11-197.fits 0.6850000023841858 1.4185995591278087 0.1850000023841858 nan nan nan nan sdB -3.337 0.2199999988079071 4.482158695411276 0.0025681088873854598 5.747000217437744 0.06400000303983688 0.3885072409581512 0.4113157337496228 0.4418739658172154 1.125567633889761 1.192287516018804 1.2603970389943724 0.1339233188999297 0.14593040415549147 0.15655404148912866 1906768.9210517379 4120051.0650175316 8677111.170108836
spec-56656-GAC061N32M1_sp12-196.fits 0.31299999356269836 1.175946470095546 0.17900000512599945 nan nan nan nan sdB -3.036 0.07599999755620956 4.428782511496954 0.0076981835125405325 5.427000045776367 0.04800000041723251 0.42692986482449563 0.5138404433443249 0.5379668685529073 1.270336035252997 1.33976291488661 1.4295770196559847 0.20444186290023564 0.22251367095913582 0.24033080795712633 10836263.001427539 17543096.710226316 25244977.305894718
spec-57754-GAC063N29M1_sp15-117.fits 0.47999998927116394 1.3385560910094452 0.3140000104904175 nan nan nan nan sdB -2.641 0.15800000727176666 4.346939462698991 0.006207083514988697 5.125 0.035999998450279236 0.43347795392405547 0.4887807951990698 0.5270930457584482 1.2415574685680537 1.2978799690132201 1.3651800674662224 0.2852381239120512 0.3025828120577823 0.32501322071768707 6449455.473328818 21598369.47939639 48324752.103887014
spec-56604-EG041109N021906M01_sp08-071.fits 0.4390000104904175 1.325905450354342 0.1420000046491623 nan nan nan nan sdOB -1.709 0.02800000086426735 4.517459826540232 0.001185697790079344 5.7769999504089355 0.019999999552965164 0.4313079209265349 0.5040713517638851 0.5397114525813109 1.2814783654321187 1.3403688398399156 1.3988298432268704 0.13553078205253863 0.14406344213341077 0.15724599945433498 11857791.154929753 21729494.18467414 27138053.705134742
spec-57754-GAC063N29M1_sp04-071.fits 0.11400000005960464 0.8344842853348052 0.08900000154972076 nan nan nan nan sdB -2.094 0.06400000303983688 4.499274581892218 0.002605911862841264 5.603000164031982 0.04399999976158142 0.42705446282144166 0.4390938650077649 0.4835391608626924 1.3490778308245361 1.3944246555026845 1.480641080954764 0.1821569315493707 0.18416836487828608 0.20073402595641673 12139665.928782092 15993325.887386508 18001361.830055673
spec-56571-GAC064N37B2_sp01-168.fits 0.4020000100135803 2.030599721965951 0.19300000369548798 nan nan nan nan He-sdOB -0.377 0.0430000014603138 4.626750853683394 0.0025567863903557036 5.474999904632568 0.05299999937415123 0.4579968033011796 0.5331348112800778 0.6293454149332862 1.9714865355349027 2.0595319698757755 2.171311564060352 0.20829929972727837 0.23271246328922807 0.2646539458128673 4604461.834403045 17800334.124851167 24827707.237111144
spec-56667-GAC066N34B1_sp04-027.fits 0.3070000112056732 1.2951490965789187 0.11699999868869781 nan nan nan nan sdOB -1.488 0.03700000047683716 4.551205943747906 0.002677082895968079 5.7870001792907715 0.03999999910593033 0.4136868207964141 0.4410219426703331 0.47016475294356574 1.4074480955358752 1.4552199803976338 1.5146851926388678 0.13369807933197436 0.1421416113978838 0.15181375058544133 22435852.794606134 24475340.133791726 28872901.662287384
spec-57437-HD042621N083524V01_sp04-162.fits 0.7490000128746033 1.7332534548424934 0.3319999873638153 nan nan nan nan sdB -1.324 0.024000000208616257 4.434728541779758 0.0030220210406302944 5.2729997634887695 0.013000000268220901 0.40588818004532795 0.4940214491508466 0.5458969768099847 1.4127289596819226 1.423974680616015 1.436260105904803 0.22890919349354666 0.2298967808421732 0.2674235405042418 14694526.258708466 16878656.714571714 19297636.62022019
spec-57425-GAC067N44B3_sp01-136.fits 0.4309999942779541 1.0986091193002927 0.16500000655651093 nan nan nan nan sdB -2.713 0.05999999865889549 4.426348573787508 0.0029190926456607452 5.630000114440918 0.014000000432133675 0.3807452792730933 0.3996455371239702 0.41895677214296395 1.050646571517312 1.086227882280534 1.112892428469229 0.15263271508546544 0.1567672310812295 0.162222616181523 14451993.942561386 36863384.05067774 57443562.673753016
spec-57013-GAC069N16B2_sp07-077.fits 0.4650000035762787 1.460612226534829 0.1679999977350235 nan nan nan nan sdB -2.488 0.1340000033378601 4.51401618040065 0.004234470907850614 5.6579999923706055 0.05400000140070915 0.42771000375564777 0.44702274716039464 0.46348403535074323 1.3596181779629308 1.4136642674309137 1.4536008897618562 0.1593084369154473 0.1687177418933359 0.18129746734383612 1716333.8103699058 6678834.789297557 8529545.119117782
spec-56650-GAC073N23M1_sp02-040.fits 0.11100000143051147 0.9755696578936621 0.11100000143051147 nan nan nan nan sdB -2.697 0.1459999978542328 4.483301952358167 0.004260607898211079 5.388999938964844 0.0820000022649765 0.42004518329853896 0.4857773149759071 0.5741212261416356 1.495475796147622 1.593041378073318 1.754045790754993 0.20971872231093994 0.24546041428176127 0.2781103675306146 5800257.615672113 13466159.817080468 37453066.20761071
spec-57014-GAC073N19B2_sp16-013.fits 0.23800000548362732 1.1822148652675355 0.1420000046491623 nan nan nan nan sdB -1.884 0.24300000071525574 4.480725378988487 0.009935274367649077 5.513000011444092 0.11500000208616257 0.42452489013661865 0.484542200080532 0.5878733929459214 1.3792144709940457 1.4777457506517506 1.609938530361708 0.18220615726641842 0.2091605153979154 0.24764280768851876 11483284.830457672 23566999.945211567 36394593.4817368
spec-57396-GAC073N15B1_sp14-066.fits 0.36899998784065247 1.908367046331012 0.15600000321865082 nan nan nan nan He-sdOB -0.183 0.03999999910593033 4.642662331442035 0.0034471905368124714 5.620999813079834 0.039000000804662704 0.3859380445325614 0.6905373878163408 0.7376071881691078 1.8786181578204069 1.9148139728805422 2.088779507416367 0.18822884600930423 0.2118058379653183 0.2296257613074333 20356746.80371456 24322209.649395425 31171924.327409558
spec-57377-HD044530S031516V01_sp08-023.fits 0.37599998712539673 1.179178229209794 0.1509999930858612 nan nan nan nan sdB -1.966 0.029999999329447746 4.4679039465228 0.0007387218687110192 5.6529998779296875 0.007000000216066837 0.4382137036243084 0.5326519258099253 0.5556347099541672 1.2122789689484739 1.2600516619321438 1.3276511792919188 0.15545620712752894 0.15974521134929578 0.1696244743865527 12973383.5589916 15544369.028504716 18520325.10337455
spec-57396-GAC073N15M1_sp14-084.fits 0.492000013589859 1.6485941740789318 0.1589999943971634 nan nan nan nan He-sdOB -0.902 0.08399999886751175 4.573799582215741 0.0031173737494663485 5.730000019073486 0.07000000029802322 0.4161164280873689 0.46384886606239667 0.5032207478562029 1.4982923276035847 1.563579029801791 1.6577664601722288 0.1404550690103017 0.15871984047189544 0.17395050982035537 10267648.9157357 15412202.870162755 19974476.235077783
spec-57014-GAC073N19M1_sp01-028.fits 0.4970000088214874 1.4121748439507276 0.3070000112056732 nan nan nan nan sdB -2.39 0.0820000022649765 4.371990911464915 0.004950845681843718 5.160999774932861 0.019999999552965164 0.43485802348307545 0.510376480114126 0.5364897633112101 1.3145382553863434 1.3667528813570713 1.42130928877962 0.27518656127589325 0.28817136283997585 0.3088864060988787 13396622.419436585 16867329.135793135 25672965.51036702
spec-57402-GAC077N13B1_sp02-008.fits 0.3659999966621399 1.6611498572447867 0.21400000154972076 nan nan nan nan sdOB -1.308 0.06199999898672104 4.511616020569138 0.0027989000112312585 5.340000152587891 0.12200000137090683 0.4207222998211481 0.5529174444149385 0.6878433570447764 1.6371959331258774 1.7106478596977264 1.8165002588499115 0.22318666214061855 0.2699667346407731 0.32757540664496215 6570773.304521379 18273328.294707075 31633797.85957914
spec-56679-GAC078N31B1_sp16-235.fits 0.8100000023841858 1.6088040641810681 0.3240000009536743 nan nan nan nan sdB -2.128 0.050999999046325684 4.40891802084678 0.003374488476266684 5.323999881744385 0.014999999664723873 0.43953447924347117 0.5177468731595674 0.5408661998778281 1.3046008745342224 1.3157269961139164 1.328560846434925 0.22813112859734305 0.22870887590659303 0.22957232837608244 10544675.477236979 16082398.15256283 19727005.0937697
spec-57402-GAC077N13B1_sp05-159.fits 0.5910000205039978 1.1416378746732714 0.11900000274181366 nan nan nan nan sdB -2.092 0.06499999761581421 4.509202522331103 0.0021459931591101466 6.064000129699707 0.052000001072883606 0.37428449306660666 0.43602832602737307 0.4803520748312966 0.8158132409224277 1.0857713328789713 1.2467513783662174 0.07964982250913637 0.09856845363503597 0.12061033206555022 5140731.651680963 20018654.01980906 24574517.856650103
spec-57066-GAC076N18B2_sp06-011.fits 0.3440000116825104 1.3936629306675028 0.17299999296665192 nan nan nan nan sdB -1.972 0.04399999976158142 4.491221576239283 0.0027937985178607184 5.501999855041504 0.04600000008940697 0.42170756990743136 0.4273513738972636 0.4913131565219702 1.473844497653014 1.5036046068160696 1.5246886145509315 0.19849598412150832 0.19965302969369142 0.2492788314983167 11678505.287313897 14013056.467526972 17411125.98232694
spec-57319-GAC081N15B1_sp02-025.fits 0.35600000619888306 1.2896335390096452 0.3100000023841858 nan nan nan nan sdB -2.169 0.054999999701976776 4.337858429041094 0.0023873325268373856 5.00600004196167 0.04899999871850014 0.3856111714124286 0.420324177053063 0.4997912561408958 1.3932551663330606 1.410012367410425 1.4301034982145533 0.351999990618605 0.35477733561871105 0.36274454859091293 12406948.990149632 16870638.734847564 25125363.18674737
spec-57319-GAC081N15B1_sp16-146.fits 0.37700000405311584 1.4479793117161648 0.1469999998807907 nan nan nan nan sdOB -2.297 0.08699999749660492 4.5417040232842885 0.0066853948486298035 5.684000015258789 0.08799999952316284 0.4302336482839859 0.4384678125152906 0.4874374169766246 1.5029656158460247 1.5479990853997465 1.5992867868418121 0.16438745999469928 0.1887846026023976 0.2204961591912873 5216183.0005515935 9082185.741686445 19029196.179396473
spec-57319-GAC081N15B1_sp15-024.fits 0.24500000476837158 2.002226556276854 0.16200000047683716 nan nan nan nan He-sdOB 0.625 0.12700000405311584 4.657915936829955 0.006914004313135324 5.3979997634887695 0.09000000357627869 0.5002101189962449 0.5102904689754584 0.7577116573175444 2.1177512285647935 2.192503532402689 2.306027075059652 0.20594257315007877 0.2454061966990534 0.30113786477698434 16208597.294198677 18783472.356541887 22571207.651612952
spec-57756-GAC081N03M1_sp09-203.fits 0.453000009059906 1.1853154580036565 0.11100000143051147 nan nan nan nan He-sdOB -0.933 0.11100000143051147 4.531223374533027 0.026283827372631154 6.0 0.11900000274181366 0.3762873593657093 0.40985654430841945 0.4411272498633746 0.970064067453202 1.0943054107339862 1.233659926196338 0.09878966897961036 0.11268817942947484 0.12813771065544363 3687639.4156353506 14852705.435231429 23080433.40528436
spec-57746-GAC084N44M1_sp03-037.fits 0.6449999809265137 1.5245389159447342 0.2150000035762787 nan nan nan nan sdB -2.738 0.18299999833106995 4.477265995424853 0.0031721517529644384 5.578999996185303 0.09799999743700027 0.39010565528691465 0.42338295993025354 0.4579173625624577 1.248279195220105 1.3443909486708148 1.4341884738504083 0.1602268938994279 0.18644839900430782 0.21523973731377125 10585430.070818506 17784791.07832315 25436603.79601241
spec-56675-VB081N07V3_sp13-243.fits 0.6129999756813049 1.482358982753715 0.1469999998807907 nan nan nan nan sdOB -1.659 0.06499999761581421 4.548635059814751 0.012704881644149636 5.89300012588501 0.057999998331069946 0.40149370512967886 0.435342858655072 0.5448117697864466 1.2268363891924365 1.3270119190915892 1.4533829677214627 0.11425643133927821 0.12619361356821074 0.14201028959112494 6066221.7195040565 25965160.287903637 30618605.31346493
spec-56964-GAC085N17B1_sp02-165.fits 0.5659999847412109 1.3435661323861248 0.13600000739097595 nan nan nan nan sdB -1.661 0.052000001072883606 4.530583859645118 0.0036961455599637287 5.923999786376953 0.05400000140070915 0.4066424879798013 0.4335210944710073 0.5431124021310852 1.1649454707716007 1.243810045775193 1.3520948229082013 0.11427880550813206 0.12293125659526843 0.13822535161878644 8630922.650232261 29951453.589028534 31252756.35323825
spec-57004-GAC081N20B1_sp07-127.fits 0.5450000166893005 1.5045524124865661 0.25600001215934753 nan nan nan nan sdB -3.026 0.19300000369548798 4.434089638417891 0.003977812035603107 5.355999946594238 0.028999999165534973 0.4230238091032325 0.4599286244986529 0.5585980251974162 1.380075555473359 1.4272290671007282 1.5118491094744253 0.2219850427363647 0.2356885889547452 0.25766881434192185 9293053.477675408 14561658.571661768 20384231.556812637
spec-55976-GAC_084N40_V4_sp04-127.fits 0.8980000019073486 2.0862743872901586 0.25699999928474426 nan nan nan nan He-sdOB -0.63 0.0560000017285347 4.5785246052749935 0.003766077444000925 5.567999839782715 0.054999999701976776 0.42758383718702137 0.5182090814294463 0.6704752334227245 1.7161837926104462 1.7824359883795526 1.9228545450459715 0.1863205181873192 0.22116017084557954 0.24403269398891952 8796679.095043927 15542319.657718495 22500919.975555126
spec-57660-GAC085N14M1_sp05-080.fits 0.328000009059906 1.2749886817706848 0.1509999930858612 nan nan nan nan sdB -2.812 0.0 4.492760389026838 0.005412271609706349 5.5879998207092285 0.05299999937415123 0.4808654236244457 0.5046557906214493 0.5191972114989685 1.2899894937822287 1.379662399933097 1.457412846023161 0.14362241732825864 0.19245285724659808 0.23800514693914337 11873462.246377597 14618045.766721671 17193735.07862875
spec-57015-GAC082N38B1_sp13-200.fits 0.6499999761581421 1.7773253059721286 0.19300000369548798 nan nan nan nan sdOB -1.494 0.05700000002980232 4.563243701140398 0.004723205682756229 5.679999828338623 0.05900000035762787 0.41736596430606926 0.48924140918561265 0.5196083857234469 1.5218940879698224 1.5799740867657954 1.6743128004083352 0.15201707293574582 0.16383741127350274 0.1815842552761561 8927386.401291898 19729702.551432956 25266865.87413685
spec-57329-GAC089N38B1_sp14-035.fits 0.47200000286102295 1.7004873811595231 0.29600000381469727 nan nan nan nan sdB -2.837 0.23800000548362732 4.450249108319361 0.005813116135590361 5.163000106811523 0.05900000035762787 0.46713630654192356 0.5604908362077585 0.6580666220500712 1.6224923338998933 1.7133450855216577 1.8352145213159465 0.28663003906415213 0.3256633649437595 0.3638902114855542 11365671.79016929 21388909.972895466 35699907.24022253
spec-57071-GAC084N35B2_sp09-136.fits 0.7200000286102295 2.2797353674105016 0.22200000286102295 nan nan nan nan He-sdOB 0.474 0.04699999839067459 4.658679028582449 0.001712069820018295 5.603000164031982 0.04100000113248825 0.41283858076008545 0.4364352087103125 0.4713367942771284 1.8920700642400163 1.9338127032701522 1.9729332846374006 0.20212825542696006 0.21844349419606643 0.23220298551057103 17928088.866801538 21447231.902730968 25468686.720640957
spec-57076-GAC088N41B1_sp02-181.fits 0.5040000081062317 1.2847915559501462 0.13500000536441803 nan nan nan nan sdOB -1.238 0.05000000074505806 4.516931808868013 0.003944572820329083 5.875999927520752 0.04899999871850014 0.4163292346107597 0.4475736476756715 0.493476776043279 1.1720611296488554 1.2381289320398248 1.2934272016200448 0.12042691244265455 0.13187387800475214 0.14130431221397605 8827214.754100297 16163045.56169458 19133765.24995494
spec-57425-GAC089N16M1_sp14-102.fits 0.1979999989271164 1.3733350499545682 0.125 nan nan nan nan He-sdB 1.523 0.035999998450279236 4.556905269055448 0.019781536145547646 5.5269999504089355 0.07800000160932541 0.47920177297877725 0.5274567358979199 0.5345927627829835 1.5178047660938971 1.5817914463057807 1.625772049754266 0.1514506875732582 0.1952542528857149 0.2104031148689045 18276096.355850544 26105116.146534115 40310361.467017666
spec-57329-GAC089N38B1_sp03-073.fits 0.7519999742507935 1.5557834500857761 0.18199999630451202 nan nan nan nan sdB -2.259 0.10199999809265137 4.520876381688342 0.0068823708326300765 5.800000190734863 0.07900000363588333 0.4275516712182159 0.4372900680872068 0.44921474082148777 1.3649588228130898 1.4455651866791932 1.489155634665492 0.140600788968432 0.16015785054729578 0.16302346795810094 5714094.97035036 7859017.8456115965 9487418.224394128
spec-57399-GAC085N14M1_sp06-102.fits 0.3199999928474426 1.2459073016276765 0.13500000536441803 nan nan nan nan sdOB -1.702 0.04800000041723251 4.508395033133053 0.00268581240606534 5.681000232696533 0.05299999937415123 0.4149339669769651 0.4612364219727509 0.5037274031178793 1.2917528342704316 1.3589471737225796 1.4165652672618154 0.14772323867658238 0.1580050520761116 0.16853527472923147 18037230.03795947 19587467.601920962 23191660.28979177
spec-56213-GAC090N33B1_sp03-084.fits 0.9729999899864197 1.655215294289842 0.2409999966621399 nan nan nan nan sdB -2.178 0.026000000536441803 4.484299839346786 0.0011376417295155213 5.660999774932861 0.017999999225139618 0.4326623732545124 0.4377998513154106 0.44218076737602896 1.2910482275016681 1.3792945228144962 1.40653610125266 0.17970777655813638 0.18072196809015673 0.19693651035315893 10374447.444405021 12525006.953154484 15138522.539350614
spec-56986-GAC089N16B1_sp01-097.fits 0.4009999930858612 1.6827495978606493 0.1679999977350235 nan nan nan nan sdOB -1.429 0.03500000014901161 4.571009672309305 0.0033688921037773865 5.59499979019165 0.032999999821186066 0.425204408356177 0.4925352849507668 0.5475683793139825 1.6579439361371198 1.6861828430259007 1.710255729012282 0.1692957318552548 0.18447103227794878 0.20710380937284198 8594618.421160653 12808284.770604568 18692456.424435996
spec-58080-GAC092N46M1_sp10-009.fits 0.2280000001192093 1.7746775155212045 0.10400000214576721 nan nan nan nan He-sdOB -0.159 0.0560000017285347 4.692935002531137 0.0075956544474540255 5.750999927520752 0.10700000077486038 0.37644010299689795 0.48590814917852554 0.7065129798984638 1.793877748157141 1.9143597378573027 2.051491076202391 0.1411649730260228 0.1897394314115977 0.21698496283515573 1479866.1233689226 6196396.622692314 25284326.534699332
spec-57394-GAC089N11M1_sp08-028.fits 0.46799999475479126 1.8273628102902346 0.18400000035762787 nan nan nan nan He-sdB 2.687 0.04500000178813934 4.585799009013001 0.005265598013498281 5.572999954223633 0.09300000220537186 0.3991638608700985 0.48871444621046045 0.5715114813449517 1.3719982902291494 1.4544582544871436 1.6678235212122317 0.1468239720476815 0.15856150793072576 0.17909426143172685 11607830.267607331 15707363.197514309 19861296.324707262
spec-57329-GAC089N38B2_sp08-201.fits 0.3529999852180481 1.325720858019412 0.22200000286102295 nan nan nan nan sdB -3.24 0.2939999997615814 4.419955748489758 0.018744784410978467 5.304999828338623 0.14000000059604645 0.4349860023417055 0.5117568694227157 0.5959714007463153 1.2699794262403843 1.4373602794713296 1.6252004030628446 0.23274146527850392 0.27870027449705803 0.3338330896370223 17166081.39350163 37633265.429820076 65946323.52068588
spec-57076-GAC088N41B1_sp09-060.fits 0.5379999876022339 1.4360512752022425 0.13699999451637268 nan nan nan nan sdOB -1.512 0.039000000804662704 4.55351894014897 0.0032658421580558463 5.9039998054504395 0.04600000008940697 0.40806067541014057 0.43636042583878976 0.5660743585000012 1.2568137362891914 1.3262836654294126 1.4110374839034432 0.11928366014472218 0.12720857432204613 0.13850352491827078 24805867.03836626 26330096.890968412 30789769.014522143
spec-57784-GAC092N09B1_sp01-140.fits 0.8379999995231628 1.6287668572312906 0.27900001406669617 nan nan nan nan sdB -2.76 0.10700000077486038 4.444825199509748 0.00573180990858133 5.4730000495910645 0.03200000151991844 0.4183882788010843 0.5182637361062563 0.5538967133433942 1.2811593387252023 1.319040087503515 1.3630884265414143 0.1932035764969787 0.20159441076038498 0.21191348433016027 5398967.841924691 9614802.658931766 13649177.108404553
spec-57741-GAC096N56B1_sp10-101.fits 0.2809999883174896 1.2628069230005639 0.16200000047683716 nan nan nan nan sdB -2.463 0.12999999523162842 4.473924693416158 0.006800685572330336 5.464000225067139 0.07000000029802322 0.40559385183326147 0.4547788813973317 0.5243914660912986 1.3583058260255678 1.4571911585771722 1.5772953636531681 0.19140188958039256 0.21489405606042727 0.24342820944091728 10665945.179995665 19464710.72376369 29003110.207885075
spec-57815-GAC094N47B1_sp03-066.fits 0.1860000044107437 2.300271489804057 0.210999995470047 nan nan nan nan He-sdOB 0.487 0.057999998331069946 4.675136504467994 0.007549973781774112 5.052999973297119 0.10100000351667404 0.3950248299578365 0.5056217575914789 0.51727258822518 2.185630218939875 2.3121141371054605 2.4093597202922346 0.26583041059840623 0.31918842048567586 0.4600428019773176 17323267.156902753 20913441.145088017 24966188.416296765
spec-58403-GAC096N56B2_sp16-210.fits 0.27399998903274536 1.2646053443916627 0.16699999570846558 nan nan nan nan sdB -2.279 0.0430000014603138 4.466422722433792 0.003987768542138749 5.429999828338623 0.028999999165534973 0.4296386350367718 0.4349965221178437 0.45192311195518287 1.3223531045362318 1.3401267603998732 1.3658186948446076 0.17893129752626988 0.19371766342803096 0.2034863732300435 14550646.619962636 19227699.951811247 24282834.27952579
spec-56630-GAC091N33B1_sp12-172.fits 0.6100000143051147 1.5285310606354117 0.23100000619888306 nan nan nan nan sdB -3.811 0.22499999403953552 4.461948495203762 0.004177375214437432 5.491000175476074 0.06599999964237213 0.4141707064880309 0.44482347832843366 0.46916525962006533 1.3175445549349714 1.3705142127299046 1.4414572234186422 0.18309830675922745 0.1980461745776403 0.21291976626448006 2048068.2232050528 6112637.679861556 30243471.196898032
spec-56610-GAC094N35V2_sp05-180.fits 0.7170000076293945 1.6368588440271619 0.1809999942779541 nan nan nan nan sdOB -1.39 0.0430000014603138 4.54257647626053 0.0053212413025675144 5.7789998054504395 0.04100000113248825 0.43817383249571595 0.44764718853644686 0.5227591045384258 1.376502168817925 1.4087374522078775 1.4505035916943074 0.13814922850180478 0.1503566121113708 0.1523838006794763 17827727.817285802 22617486.1242467 26011186.79261081
spec-57389-GAC094N12M1_sp05-096.fits 0.5490000247955322 1.6518399066003462 0.2280000001192093 nan nan nan nan sdOB -1.831 0.0560000017285347 4.495544337546448 0.003041871271069234 5.4679999351501465 0.0430000014603138 0.4196519391655003 0.4282106227839047 0.49351767959577364 1.5124307063644702 1.5300928228840456 1.5441527058276194 0.19901452763093527 0.20417962517873212 0.24937667395613403 6196312.806548366 12922419.63162136 17128354.992060345
spec-56628-GAC094N35M1_sp15-228.fits 0.503000020980835 1.2279124017517482 0.1679999977350235 nan nan nan nan sdB -2.58 0.0560000017285347 4.456517857805263 0.004229684038934313 5.684999942779541 0.039000000804662704 0.38388301809949366 0.4085104082129008 0.431530642278564 1.0916130342772006 1.1394150416285465 1.1753904873583063 0.14506698070724888 0.1521816370007249 0.15828810512683594 5980590.365566755 14221790.858310435 22755046.888215296
spec-56722-GAC094N35B1_sp04-128.fits 0.7730000019073486 0.9787737843301224 0.20200000703334808 nan nan nan nan sdB -3.583 0.0 4.3548764225162335 0.010424326121753504 5.710999965667725 0.06700000166893005 0.47623342688441295 0.4976690097274984 0.5231045118948721 1.2296580952139415 1.3363798536222276 1.466884047253755 0.16928855559779274 0.19849724529444346 0.25382700568853656 12462872.4727219 14762284.555535173 17724466.791123506
spec-56722-GAC094N35B1_sp04-054.fits 0.6850000023841858 1.9020845179804036 0.23499999940395355 nan nan nan nan sdOB -3.615 0.8130000233650208 4.5513279880038455 0.002555038640028489 5.5329999923706055 0.023000000044703484 0.41307357581642035 0.4972298388016723 0.5280260404474284 1.6050772743634727 1.673536505196376 1.7099174900057983 0.17575740943536255 0.19180329492988524 0.2108728423882443 6235204.26631036 11566434.751249151 19980915.52769517
spec-58070-GAC095N44B2_sp11-213.fits 0.37299999594688416 1.280077322611946 0.19200000166893005 nan nan nan nan sdB -2.722 0.14499999582767487 4.4404367661057735 0.0037642227583858236 5.447000026702881 0.024000000208616257 0.42458742199631083 0.5466290470136186 0.5569994019881872 1.2976627967818641 1.337419658223157 1.3912634372908987 0.20066090493793087 0.2120207500225571 0.23566603738376896 7210181.587783399 11584516.39956902 15095189.344365478
spec-57805-GAC097N52M1_sp03-036.fits 0.38199999928474426 1.401555618262893 0.1589999943971634 nan nan nan nan sdOB -1.935 0.09300000220537186 4.510008512940234 0.007846905989793967 5.60699987411499 0.10000000149011612 0.4195284163059859 0.4257614452907561 0.49307964060008386 1.5365613799920672 1.5853302070153246 1.6145542329317277 0.20041618966210648 0.20317953113282478 0.20763718430184347 13152603.841839084 18088712.42172189 21889633.14939601
spec-57093-GAC097N28M1_sp03-054.fits 0.4339999854564667 1.2226384471664344 0.12600000202655792 nan nan nan nan sdOB -1.796 0.12200000137090683 4.517591730711908 0.009264256413966818 5.870999813079834 0.0860000029206276 0.4023551253733789 0.4444099833472433 0.5466720097998183 1.1615936612874596 1.263938149211566 1.3583598747378351 0.11770939532049172 0.13144457571580084 0.14880213777237805 12314970.581056774 26499754.51465281 28908629.53552343
spec-56230-GAC098N33B1_sp16-039.fits 0.37400001287460327 1.278456350394209 0.22699999809265137 nan nan nan nan sdB -3.341 0.3009999990463257 4.403635189790548 0.009161238925995468 5.297999858856201 0.05299999937415123 0.42400406510756733 0.47986105984060173 0.5472053928062377 1.2961418068407546 1.3780941123204253 1.4801743647328802 0.236427365336672 0.253967170120019 0.27373616714718535 12555708.174422069 22771220.41892115 37658589.940237075
spec-56230-GAC098N33B1_sp03-090.fits 0.42399999499320984 2.0595974937251382 0.19099999964237213 nan nan nan nan He-sdOB 0.114 0.07000000029802322 4.635885685281273 0.006083912420786569 5.488999843597412 0.09300000220537186 0.4390311917781019 0.4826829816392265 0.7326964819738102 1.9544030209681338 2.0626090139832893 2.2385152843489537 0.20292218816116192 0.24599681833375286 0.2697111950942088 13051909.553412722 20460091.967646047 27693875.25782146
spec-56994-GAC097N20B2_sp11-112.fits 0.8169999718666077 1.5410297885508526 0.24799999594688416 nan nan nan nan sdB -2.645 0.16699999570846558 4.448860845607441 0.004304546918416538 5.568999767303467 0.04800000041723251 0.4070922598017591 0.45051929621466313 0.5332151475537791 1.2057163635462773 1.260147787329688 1.3151134164026683 0.17171188370981755 0.18261057619324583 0.19246431844038217 16455793.418998528 24725192.21430826 33750442.170316294
spec-56994-GAC097N20B1_sp09-125.fits 0.5120000243186951 1.109308505246749 0.25999999046325684 nan nan nan nan sdB -2.362 0.20399999618530273 4.331629717629932 0.0048300162185972145 5.315000057220459 0.020999999716877937 0.39758294551989287 0.42742841236291607 0.44495862602794317 0.991181659437751 1.0256434655473177 1.0598378221064912 0.2242930263966988 0.23260514046271896 0.24198067347613175 5157328.575357705 12340658.472737718 25835468.098478988
spec-57805-GAC097N52M1_sp01-179.fits 0.578000009059906 1.4222121710342237 0.2669999897480011 nan nan nan nan sdB -3.078 0.26600000262260437 4.403977963669355 0.012163067498974112 5.341000080108643 0.07500000298023224 0.4150268665426659 0.4792843832040272 0.5457669891707146 1.2396362172080193 1.3481187000607278 1.4529423457649422 0.2232116072828468 0.24812826554829773 0.2738412391739905 9697676.062772263 19530765.644646715 39990859.604771644
spec-56232-GAC097N26B1_sp09-065.fits 0.30300000309944153 2.0438454319832555 0.17299999296665192 nan nan nan nan He-sdOB 0.4 0.07500000298023224 4.654272827097711 0.005833394625533618 5.440999984741211 0.08399999886751175 0.41843138889071996 0.5076897011561896 0.7023071192074377 1.978505762523662 2.109368460812213 2.1973870220175438 0.19477032054577095 0.2161802983616881 0.2522951962517592 15783746.859687798 18700874.42657996 23315311.064642273
spec-56721-GAC099N24B1_sp02-038.fits 0.4269999861717224 2.092295965123428 0.16899999976158142 nan nan nan nan He-sdOB 0.75 0.08699999749660492 4.670153045192181 0.004064900384519661 5.61299991607666 0.06400000303983688 0.43415554723048794 0.4647133513406256 0.7330954547219668 1.972603606880096 2.036121856904246 2.2593207929765837 0.2043873571108656 0.22485423107850946 0.24080831898625818 20776084.27454189 23612155.467222467 27539342.892483458
spec-57066-GAC100N40M1_sp15-162.fits 0.24300000071525574 0.9829041177926281 0.08500000089406967 nan nan nan nan sdOB -1.345 0.07400000095367432 4.542451947375977 0.0055687475295543975 5.9679999351501465 0.07100000232458115 0.42530864936580887 0.45097859904318 0.49338893389912836 1.1637177027784364 1.2766589508307786 1.3152838577851822 0.10677806810266664 0.11803623194579928 0.12979940235111412 6848604.89976535 19299343.308539223 25344062.914245553
spec-57696-GAC100N44M1_sp02-062.fits 0.3160000145435333 1.4116702023858094 0.19099999964237213 nan nan nan nan sdB -2.864 0.16599999368190765 4.473632926873841 0.003922405325139969 5.370999813079834 0.03099999949336052 0.42356335660201216 0.4601915570965888 0.5060644732956344 1.4963328917684837 1.579639763480512 1.6817851860055248 0.22314023861122334 0.2441701779720769 0.26348750922353714 10344944.115141066 28618304.248978812 38938115.101928495
spec-57429-GAC100N40B1_sp11-236.fits 0.5220000147819519 1.3417707500289275 0.19699999690055847 nan nan nan nan sdB -2.775 0.14100000262260437 4.449324093098727 0.004910802649538594 5.564000129699707 0.061000000685453415 0.4057029728624691 0.437193047954802 0.5471185229020191 1.1889507630590608 1.2577589146703785 1.3213540874152305 0.17192892924117853 0.18339941054208034 0.1957241321265901 11176909.612248665 23908115.14053772 39875409.01491368
spec-56669-GAC097N37B1_sp06-056.fits 0.4059999883174896 1.3501316738725384 0.12999999523162842 nan nan nan nan sdOB -1.557 0.05000000074505806 4.541953474458237 0.004095391943497973 5.821000099182129 0.0989999994635582 0.40548930655206783 0.44384556019184795 0.4988414807051483 1.2958419260463327 1.3916116772893887 1.511124688009768 0.12644764004856027 0.13995102364518835 0.15900171027097967 21887853.39217361 26298855.82117814 28711292.83460113
spec-57416-GAC100N13B1_sp15-194.fits 0.675000011920929 1.5181321193571606 0.1809999942779541 nan nan nan nan sdB -2.177 0.04600000008940697 4.512684396217164 0.0034541804999107697 5.76200008392334 0.04399999976158142 0.43232362193684676 0.43782678835904715 0.4425670050827994 1.3942639827507257 1.4180906040962467 1.4431127314018464 0.16026279767456245 0.1621008358420507 0.18535858486718954 7731349.680619063 9396753.92776657 12410293.030541526
spec-57416-GAC100N13B1_sp15-176.fits 0.3919999897480011 1.6314843553859788 0.16899999976158142 nan nan nan nan sdB -8.478 0.0 4.5554572172046495 0.002170271222177097 5.573999881744385 0.01899999938905239 0.47473399691234164 0.49917658263012504 0.5246675987227905 1.2384703639418997 1.3629511898494369 1.480945968586101 0.14934680894539307 0.1918187996183897 0.24506044698380605 12183196.794476792 14610938.595062617 17379306.0199049
spec-57460-HD065357N310719V01_sp14-106.fits 0.47099998593330383 1.5695377634113314 0.28299999237060547 nan nan nan nan sdB -2.697 0.04600000008940697 4.429429264381787 0.0011295051409699044 5.210999965667725 0.008999999612569809 0.4924014826947868 0.5073624689178099 0.5293104797369055 1.5058168931162363 1.5191295474117168 1.5466986934962075 0.26185303658351156 0.2663861319940552 0.2727621063968843 9868364.138676308 11398847.005473312 13122445.768248271
spec-57068-GAC101N22M1_sp05-070.fits 0.44200000166893005 1.4775987160941177 0.2460000067949295 nan nan nan nan sdB -2.515 0.24400000274181366 4.435525851498655 0.0041225780648189115 5.302000045776367 0.06499999761581421 0.4434437486538766 0.5139038825850761 0.5887110880590143 1.4064698379790075 1.4854373122719393 1.6161213690829463 0.2349152826256433 0.2578478606193829 0.28948214963878693 7750681.2455045525 15489169.700406278 25658496.834543474
spec-55875-GAC_101N28_B1_sp04-051.fits 0.41600000858306885 1.3313463016525666 0.10700000077486038 nan nan nan nan sdB -3.793 0.36399999260902405 4.578982842702791 0.0041025236448970145 5.999000072479248 0.050999999046325684 0.43451768179890615 0.4545197858744964 0.4731246084262331 1.2360860173052857 1.3176196076505438 1.3889257546656557 0.09916503437931132 0.10972438945908991 0.11953835091545097 7081634.719819386 24965584.585240014 31307780.135203384
spec-57367-GAC100N13M1_sp09-021.fits 0.4180000126361847 1.1911994197015183 0.10499999672174454 nan nan nan nan sdOB -1.258 0.07000000029802322 4.551205943747906 0.003040864418204349 6.0269999504089355 0.0430000014603138 0.41663503180745914 0.44447499026141296 0.48762535541787233 1.1542457575922183 1.230032454078412 1.2803496947064064 0.10040663503834309 0.10792385183385417 0.11460122562241039 10058617.319213763 21937020.228577837 24963867.54352749
spec-57367-GAC100N13M1_sp09-030.fits 0.6570000052452087 1.1506950511427139 0.125 nan nan nan nan sdB -2.463 0.17800000309944153 4.502017214827148 0.0029970252569596445 6.061999797821045 0.041999999433755875 0.41879761772571344 0.4529914180576764 0.47221504225095035 0.9730488948045949 1.043384693697632 1.1688748208430744 0.09241030373980721 0.10059527029598628 0.11343609063772468 2258157.6530721444 5184495.898458793 21220630.52967194
spec-57034-GAC103N38B1_sp03-019.fits 0.4699999988079071 1.4461797677982802 0.15700000524520874 nan nan nan nan sdOB -1.957 0.05999999865889549 4.524396122103842 0.0018138817378223293 5.7230000495910645 0.032999999821186066 0.43718830623354366 0.4981614104157646 0.5299808630911782 1.3529582499050146 1.4533619798762316 1.4694075428889934 0.14536563116602194 0.15643979456778817 0.1661465334161581 10800251.443901546 19390961.195400633 23411870.490871213
spec-57012-GAC100N17M1_sp06-209.fits 0.4950000047683716 1.2738111993994035 0.17399999499320984 nan nan nan nan sdB -3.503 0.2770000100135803 4.4604467838807205 0.0052334277175574775 5.646999835968018 0.04800000041723251 0.3949583035899033 0.4125152263735305 0.4293464408489161 1.1615292388208636 1.211521666839037 1.2602463994187074 0.1490604975890295 0.15912045553158852 0.16812919960488001 2949258.2767403163 13975721.858919974 25593737.765300564
spec-55910-GAC_105N29_B1_sp10-159.fits 0.4440000057220459 1.343250998054363 0.15000000596046448 nan nan nan nan sdB -1.91 0.09600000083446503 4.508798965403905 0.0050842202071877144 5.736000061035156 0.06300000101327896 0.4098585666723912 0.4620250310766989 0.5299027573439962 1.2279199926740823 1.3135009121698558 1.393740173950059 0.1368871925420334 0.14757684104626467 0.16015231375009792 12288322.630737133 20994374.676269107 25645109.78813171
spec-57813-GAC101N53B1_sp08-061.fits 0.24500000476837158 1.7405284793749163 0.24899999797344208 nan nan nan nan sdB -2.348 0.18700000643730164 4.502017214827148 0.016365100718196465 5.035999774932861 0.14300000667572021 0.4905972639715638 0.6141585358769986 0.7474559451269822 1.8672662817646786 2.016293756510634 2.198876419176041 0.31150207655719997 0.3742148415918157 0.44897742925908357 12165929.65116702 22749402.31240145 35835989.44220563
spec-57460-HD065357N310719V01_sp11-176.fits 0.5490000247955322 1.7734060880151397 0.22200000286102295 nan nan nan nan sdOB -1.492 0.026000000536441803 4.53135116458306 0.0012758366458314647 5.48799991607666 0.014000000432133675 0.41252290885728743 0.43749980194952415 0.47547647826827466 1.6211774519432125 1.6314945113670398 1.6658015020069779 0.1949452133004049 0.21032164445229612 0.24385516234606117 9326880.673660772 11120912.244370777 13165596.496388907
spec-57428-GAC105N15M1_sp03-108.fits 0.35100001096725464 1.4231803151047862 0.20100000500679016 nan nan nan nan sdB -3.293 0.39899998903274536 4.468347330412158 0.006160308704818433 5.4019999504089355 0.1340000033378601 0.419815928777093 0.4882298730384854 0.593760398470315 1.4024332362112386 1.523115885657999 1.6788350682656146 0.2047713405629824 0.24104351715229722 0.3013027528636437 13990522.554290868 29571291.558312025 43138802.26579562
spec-56287-GAC101N22V1_sp06-046.fits 0.20100000500679016 1.7088711091183544 0.10599999874830246 nan nan nan nan sdOB -1.701 0.08399999886751175 4.677424437701247 0.008496354493287946 5.690000057220459 0.05900000035762787 0.3898015186662877 0.4316136160269175 0.46408802325801424 1.875924472365741 1.955560336272621 2.0423881154985444 0.1490909657672822 0.1696661812455539 0.20918951222018062 11242246.622606847 16512301.407331798 18074631.420934096
spec-55939-GAC_104N11_V2_sp01-011.fits 0.37299999594688416 2.2186221454123385 0.3179999887943268 nan nan nan nan sdOB -1.739 0.04800000041723251 4.564547711755948 0.012944088081277427 5.00600004196167 0.06800000369548798 0.3674791274160829 0.4565704609999059 0.5974144029241674 2.1469752029100673 2.2906579750301708 2.3777705174824293 0.3361205882179809 0.35814792370171633 0.37888055382513525 7821737.339691967 13561658.019087978 21720777.094399862
spec-57757-GAC107N09M1_sp14-235.fits 0.2709999978542328 0.7275412570285564 0.14100000262260437 nan nan nan nan sdB -3.345 0.3009999990463257 4.367355921026019 0.011223655089755858 5.563000202178955 0.05400000140070915 0.376749049840197 0.4061982725392468 0.42670876179494904 0.8685176346031888 0.9326512443950858 0.9950385426806223 0.16123052861690734 0.17447004816381295 0.18814662858173553 10514541.24012679 18328310.298809484 30050500.92690203
spec-55920-GAC_106N28_B1_sp03-121.fits 0.6909999847412109 1.5520108027603305 0.2770000100135803 nan nan nan nan sdB -1.924 0.1080000028014183 4.426673888021373 0.008054653758384829 5.395999908447266 0.08500000089406967 0.42897493387422103 0.4381792462599062 0.5247258057166356 1.2275993824580955 1.3606990017093328 1.4018481118178625 0.18928313902875724 0.2305964137131072 0.2326612577482393 7750532.269434428 14726193.194431951 21554178.252858788
spec-57377-GAC104N11B1_sp09-130.fits 0.3619999885559082 1.2749195064037537 0.19599999487400055 nan nan nan nan sdB -3.18 0.10100000351667404 4.433129517580485 0.006518911982988166 5.413000106811523 0.035999998450279236 0.42696379504251947 0.5215579330387752 0.5527883703113133 1.294530812961078 1.346152608673391 1.42957975638761 0.2118802783204346 0.22632997457793144 0.24324429233078096 7731596.639328718 16123794.14773009 23741857.37259378
spec-57314-GAC105N15B1_sp12-146.fits 0.33399999141693115 1.1961485396991254 0.15600000321865082 nan nan nan nan sdB -2.127 0.0689999982714653 4.465531556973549 0.002520234480687977 5.576000213623047 0.028999999165534973 0.42947027448972436 0.4347335311366884 0.4405851500217519 1.304130648828258 1.3182366323384447 1.334867436073663 0.17770130604804213 0.1784434645851146 0.1935128954817871 11311767.555340664 15699732.845201498 19255769.263502322
spec-56604-GAC106N20B1_sp05-039.fits 0.38600000739097595 1.878498816349271 0.2029999941587448 nan nan nan nan sdB -3.213 0.3179999887943268 4.576686805200995 0.008661105893595422 5.3979997634887695 0.07800000160932541 0.45390446675861845 0.5921188478230188 0.7006462069063705 1.8092165384695136 1.9042863530525043 2.064483589734298 0.21412150154785842 0.26096276449897937 0.3041661132550868 8762086.413168255 13266719.85058469 18896584.844158426
spec-56604-GAC106N20B1_sp11-065.fits 0.46399998664855957 1.2487577226272968 0.17399999499320984 nan nan nan nan sdB -2.708 0.12300000339746475 4.455606112581867 0.0042385298063409875 5.622000217437744 0.03799999877810478 0.3939902411716948 0.4120035732044973 0.42690152694666034 1.1759849094605364 1.2163996096395588 1.2548532089329483 0.15701866537197684 0.16501122665409862 0.17232572734454005 3147647.324739037 20127754.68015547 38661714.10581683
spec-57757-GAC107N09M1_sp03-187.fits 0.3449999988079071 1.353820094897413 0.19900000095367432 nan nan nan nan sdB -2.845 0.15600000321865082 4.45117215751254 0.003672702495970396 5.370999813079834 0.019999999552965164 0.4093591244121143 0.44036843855372526 0.4632612319598523 1.4171601173638542 1.4445826736492802 1.4779974223651295 0.22093824292608855 0.2345964128972482 0.26546636700737225 4843866.799978924 7788960.934376166 10810749.034810688
spec-57314-GAC105N15B1_sp07-096.fits 0.2160000056028366 1.5165089320265166 0.12099999934434891 nan nan nan nan sdOB -1.954 0.14000000059604645 4.600101255691391 0.010878124231606345 5.60699987411499 0.06800000369548798 0.416428866904923 0.4673177786344169 0.5747189382152434 1.6904016292671653 1.7877873471711327 1.8523308257027111 0.16058087686469497 0.1723884806046355 0.19641069688302557 11329518.633661862 15202209.125381723 21492243.033649936
