name mass_lei log_L_lei radius_lei mass_true log_L_true radius_true age_true he_class log_he log_he_err log_Teff log_Teff_err log_g log_g_err mass_low mass mass_up log_L_low log_L log_L_up radius_low radius radius_up age_low age age_up mass_max_density log_L_max_density radius_max_density age_max_density
spec-57360-EG000325N203955B01_sp16-105.fits 0.4169999957084656 1.2840696117100832 0.17599999904632568 nan nan nan nan sdB -2.679 0.09700000286102295 4.459543258280413 0.004200462966646211 5.572000026702881 0.03200000151991844 0.4181953699305362 0.42531091037650187 0.4322614958961009 1.2427356608440256 1.2846849446269721 1.324746472852013 0.16849832367003292 0.17601802429657976 0.18322386217804856 8.701151095979577 8.72751350080567 8.756428321803853
spec-58043-GACII000N48B1_sp09-050.fits 0.39500001072883606 1.1549714415444712 0.17800000309944153 nan nan nan nan sdB -2.612 0.10599999874830246 4.425534220498263 0.011264289733540014 5.53000020980835 0.07900000363588333 0.4128851380048561 0.41786329653330295 0.4219131240845758 1.0394163076626746 1.0458664702976848 1.0523405735053284 0.21417539333286426 0.21773477450214196 0.2211406250959582 8.25118073069401 8.269653516126091 8.289261886146972
spec-58100-GACII006N52B1_sp05-186.fits 0.3109999895095825 1.4572761860613257 0.16599999368190765 nan nan nan nan sdB -3.04 0.5770000219345093 4.515476441382376 0.006053899896335259 5.48199987411499 0.06599999964237213 0.5112936955084959 0.5210697574313049 0.526230900608423 1.7854087127580802 1.8041378925987361 1.868501853057725 0.24535895457623402 0.25124206440731667 0.26063596754443963 8.002073893359677 8.017159807623738 8.039202481542628
spec-58043-GACII000N48B1_sp13-047.fits 0.9340000152587891 1.9070833661150264 0.4909999966621399 nan nan nan nan sdB -1.566 0.05900000035762787 4.393399695293102 0.002450680725679215 5.019999980926514 0.03400000184774399 0.553583768268214 0.5967757974021402 0.6331285408162836 1.6767426787739592 1.6986568085106386 1.7465806518388542 0.37367017770588806 0.38490786597560467 0.400718712535809 8.084995754094225 8.171860541117319 8.325290697791232
spec-57695-M31007N41M1_sp10-178.fits 0.22699999809265137 1.3807176232753176 0.23100000619888306 nan nan nan nan sdB -2.709 0.26100000739097595 4.4252080511386565 0.01031780035999842 5.066999912261963 0.05900000035762787 0.6159701647177448 0.6527760693766238 0.6875215846713008 1.7953808743816217 1.8360831882001691 1.8741388433185548 0.3739814322585069 0.39170060213005176 0.4089148675520579 7.994360771931141 8.103680124083871 8.203358021243202
spec-56232-M31007N36B1_sp01-223.fits 0.2680000066757202 1.1630122097748297 0.11699999868869781 nan nan nan nan He-sdOB -0.755 0.039000000804662704 4.518645524330312 0.00613992499091086 5.723999977111816 0.041999999433755875 0.44993995308962664 0.46727909130560125 0.5570771183597758 1.4154413841566027 1.5115022737077926 1.5493145689548233 0.16183320683134053 0.1770869984035628 0.18057250981807665 8.087629047253227 8.143648004504412 8.208025802040822
spec-56581-VB013N21V1_sp03-013.fits 0.29499998688697815 1.3066180044398448 0.19200000166893005 nan nan nan nan sdB -2.443 0.19699999690055847 4.44544851426605 0.008938952880905281 5.34499979019165 0.06599999964237213 0.5114695051496684 0.5793114436230052 0.5965365849458361 1.5739404667452999 1.6066638585338269 1.6344061868152442 0.2644693455739399 0.2758273840913065 0.2861590563216751 8.12034461584466 8.154784071698998 8.203970982268448
spec-56979-EG014118N254444B01_sp14-156.fits 0.460999995470047 1.5720812571563283 0.24199999868869781 nan nan nan nan sdB -2.442 0.5360000133514404 4.461648568063455 0.01066897825338686 5.328999996185303 0.07999999821186066 0.5242821168963406 0.6138376712075526 0.6645664521351278 1.6488506441318154 1.7533399029638035 1.793630508363215 0.26985698242897055 0.29341065496131313 0.3133763557088762 8.00146304816141 8.064722929450124 8.39234040551177
spec-56257-VB031N41V1_sp12-135.fits 0.5450000166893005 1.3994833515044525 0.2370000034570694 nan nan nan nan sdB -2.626 0.18700000643730164 4.424391554410278 0.0058447990012329525 5.425000190734863 0.04899999871850014 0.41904682017650247 0.4263173521929915 0.4324266168121444 1.346306022174419 1.3997028811053724 1.420825638456737 0.22542884472319913 0.23320199564280225 0.2420208721471581 8.283039314632228 8.301359858582021 8.31529133375724
spec-58398-GACII038N55M1_sp02-180.fits 0.5210000276565552 1.3250433474037042 0.20399999618530273 nan nan nan nan sdB -2.783 0.5360000133514404 4.440594261839831 0.005165574648800058 5.541999816894531 0.0860000029206276 0.453841833273395 0.45799072920163447 0.46211945643793495 1.2262382316172773 1.2520197315420811 1.2837065505050878 0.1775181417591581 0.1828403747535226 0.1888615873319645 8.225261703666042 8.24364469357283 8.264242022291109
spec-56609-VB035N38V1_sp06-221.fits 0.12099999934434891 1.0232524596337116 0.0860000029206276 nan nan nan nan He-sdOB 0.283 0.7620000243186951 4.5513279880038455 0.011202780858415471 5.656000137329102 0.11999999731779099 0.5598204440182295 0.597916421938532 0.6381577703990365 1.635482035534948 1.7162321931665838 1.7937617266707568 0.17193809455948045 0.1880238239730549 0.20586472990601884 8.090195848994739 8.182792519475447 8.309202058688639
spec-56618-GAC057N34B1_sp11-115.fits 0.15000000596046448 0.9998696921082678 0.13300000131130219 nan nan nan nan sdB -2.576 0.42800000309944153 4.4497868469857735 0.004905602253703519 5.366000175476074 0.07999999821186066 0.5089550303968096 0.5202368141235194 0.6052789679834925 1.5733671231655535 1.6358692640411416 1.6646255189019077 0.2632138501134064 0.2739528951697762 0.2867629460202237 8.089720931313348 8.121408465163213 8.157136138045477
spec-57754-GAC063N29M1_sp15-117.fits 0.47999998927116394 1.3385560910094452 0.3140000104904175 nan nan nan nan sdB -2.641 0.15800000727176666 4.346939462698991 0.006207083514988698 5.125 0.035999998450279236 0.4652656045040215 0.4900808231540343 0.5079056228807696 1.2975314196027685 1.3288786198665858 1.3646388656672355 0.3046005482327125 0.31305047639146644 0.32481611518945896 8.339872971513218 8.424431102331514 8.534775150488189
spec-56650-GAC073N23M1_sp02-040.fits 0.11100000143051147 0.975569657893662 0.11100000143051147 nan nan nan nan sdB -2.697 0.1459999978542328 4.483301952358167 0.004260607898211079 5.388999938964844 0.0820000022649765 0.5885884854110048 0.6399956079881252 0.6644766906569468 1.744684701726623 1.770419694557244 1.792865869945188 0.27255036678635275 0.28011141947894014 0.2881473251296151 7.99939092051971 8.028121950495592 8.139286605086983
spec-57746-GAC084N44M1_sp03-037.fits 0.6449999809265137 1.5245389159447342 0.2150000035762787 nan nan nan nan sdB -2.738 0.18299999833106995 4.477265995424853 0.0031721517529644384 5.578999996185303 0.09799999743700027 0.4478301165427132 0.45794383856957777 0.4694142414268262 1.4014503061357326 1.4220141772885897 1.5670278505882904 0.22081247607609028 0.22589923801750322 0.2296685659329765 8.140828266944956 8.174555927834573 8.213047765318011
spec-58080-GAC092N46M1_sp10-009.fits 0.2280000001192093 1.7746775155212045 0.10400000214576721 nan nan nan nan He-sdOB -0.159 0.0560000017285347 4.692935002531137 0.007595654447454024 5.750999927520752 0.10700000077486038 0.7836159159464148 0.8074549114925108 0.8280275549346634 2.343925177774098 2.3846769511437893 2.4185022632168325 0.2054161735826489 0.214236062015708 0.2219688268725256 7.937748507648573 7.963271520734848 7.996707821750237
spec-57741-GAC096N56B1_sp10-101.fits 0.2809999883174896 1.2628069230005639 0.16200000047683716 nan nan nan nan sdB -2.463 0.12999999523162842 4.473924693416158 0.006800685572330335 5.464000225067139 0.07000000029802322 0.45399208143027825 0.457622587764512 0.4609820706420101 1.3920182891259048 1.4018297391362062 1.4197650747454589 0.23193926640499232 0.24001569198494843 0.2468552794120628 8.162894058996963 8.182332244302403 8.206529861278504
spec-58070-GAC095N44B2_sp11-213.fits 0.37299999594688416 1.280077322611946 0.19200000166893005 nan nan nan nan sdB -2.722 0.14499999582767487 4.4404367661057735 0.0037642227583858236 5.447000026702881 0.024000000208616257 0.42973201342764245 0.43558920895927483 0.44234469249969527 1.3237739729833766 1.3765553374517707 1.45469179013632 0.20262825105798224 0.21272668206935674 0.23398465562525866 8.169527668130572 8.186380117979839 8.203013813045603
spec-57068-GAC101N22M1_sp05-070.fits 0.44200000166893005 1.4775987160941177 0.2460000067949295 nan nan nan nan sdB -2.515 0.24400000274181366 4.435525851498655 0.004122578064818912 5.302000045776367 0.06499999761581421 0.5577576851212324 0.5800226110765065 0.5940313458850877 1.5438105207784116 1.613565163691784 1.6362315064983928 0.2732942854179259 0.28765379913115113 0.2961070887922221 8.159701825758026 8.192043652167868 8.226146633871547
spec-55921-GAC_113N28_M1_sp02-071.fits 0.414000004529953 1.3530117110334527 0.11699999868869781 nan nan nan nan He-sdOB 0.482 0.03999999910593033 4.5639554649958125 0.010423099417269615 5.906000137329102 0.09700000286102295 0.456246034258885 0.47391580831256697 0.5570904162839633 1.4936575000748373 1.543363783788364 1.5816101874781625 0.1428025678396308 0.14849241781298542 0.1536026603437874 8.147567799486344 8.18675524143374 8.243587298428855
spec-56228-GAC113N27B1_sp06-248.fits 0.5389999747276306 1.3497048106562106 0.20499999821186066 nan nan nan nan sdB -3.138 0.6520000100135803 4.442949869577862 0.010215522947995518 5.553999900817871 0.07500000298023224 0.45395132066119087 0.45829440575678165 0.4625814702321514 1.2426038600716311 1.2851342642187795 1.332825519884607 0.1795376493015996 0.1868400765826432 0.19398583725353083 8.231975911087947 8.252517304517923 8.277880028419702
spec-57004-GAC118N39B1_sp10-190.fits 0.4440000057220459 1.6129215380217736 0.24699999392032623 nan nan nan nan sdB -0.933 0.039000000804662704 4.467015818438435 0.003982351222438103 5.297999858856201 0.05900000035762787 0.569987875857474 0.6006963835981143 0.6260193134812128 1.6978394908967387 1.7287154106725937 1.77064777939782 0.2773054761899911 0.2876812678829923 0.30077128071724496 8.120041976841954 8.181204482642357 8.277244557870645
spec-57418-GAC115N15B2_sp07-114.fits 0.2720000147819519 0.9117965904372521 0.18199999630451202 nan nan nan nan sdB -2.679 0.33799999952316284 4.360593413565249 0.01725900544150569 5.361000061035156 0.15600000321865082 0.42596372977516167 0.44625390481071037 0.47421406626402973 1.0565511310119036 1.1616785112732315 1.2397653356774612 0.21328036535050315 0.24097455183271116 0.26367882478042737 8.398792629623191 8.476745132568066 8.581613267025002
spec-57389-KP082807N210854V01_sp07-128.fits 0.5070000290870667 1.415991076232649 0.23100000619888306 nan nan nan nan sdB -2.647 0.11100000143051147 4.434089638417891 0.006976768221372379 5.4120001792907715 0.04899999871850014 0.44017025495225776 0.4509803826854729 0.4588363135053022 1.4168138436777857 1.4612870231074844 1.4945836941264001 0.2336547106617864 0.24108389262319474 0.2499623857038683 8.18861576587765 8.225975426796392 8.287996994982217
spec-58462-KII083141N185915B02_sp12-249.fits 0.20100000500679016 1.1575776405207292 0.12800000607967377 nan nan nan nan sdB -2.444 0.15199999511241913 4.496514518697745 0.006049150409618282 5.51800012588501 0.1120000034570694 0.454689879234024 0.45961475315262795 0.46452104671716976 1.4079911978590824 1.4306333144396417 1.46265376737193 0.17734402950727793 0.22166140843893273 0.23290090918668196 8.458359060736417 8.481401067624775 8.60156832050854
spec-55939-B5593903_sp03-115.fits 0.25 1.4857072336195416 0.12600000202655792 nan nan nan nan He-sdOB -0.728 0.05700000002980232 4.582631439489637 0.004742732583429051 5.624000072479248 0.06199999898672104 0.5685611458137055 0.589406874518405 0.6119212055401215 1.885022843406665 2.0249901533580577 2.0632017252068935 0.2064572965535867 0.24010913765078817 0.24575198376812285 7.798671595497076 7.858512557388942 8.249186976833327
spec-57435-HD091212N035201B01_sp04-230.fits 0.6019999980926514 1.5188033730654766 0.22100000083446503 nan nan nan nan sdB -2.704 0.17299999296665192 4.468642668391511 0.005427834823532283 5.52400016784668 0.0729999989271164 0.45723151438102305 0.4579566022860495 0.458701178819601 1.3913246067457004 1.3965597789274617 1.4020568980862569 0.19134020574478133 0.19279905435313588 0.19403972904867492 8.599334001992466 8.602979947318634 8.60679046209435
spec-56267-HD101055N362805B_sp14-031.fits 0.34200000762939453 1.4682882387076095 0.23800000548362732 nan nan nan nan sdB -2.698 0.30399999022483826 4.441223674242613 0.0028211216754637576 5.21999979019165 0.008999999612569809 0.6184084796472298 0.6417931564233785 0.6536360888416795 1.7371368244445022 1.7482669386523229 1.7531900132913025 0.3191203674165141 0.32453841878766715 0.32807690281190327 8.042264792836619 8.083933084189729 8.159392861211556
spec-57473-HD100408N031203B01_sp03-068.fits 0.3330000042915344 1.723997176191744 0.21199999749660492 nan nan nan nan sdOB -2.598 0.13500000536441803 4.528531060635411 0.0028201039476481587 5.301000118255615 0.027000000700354576 0.7628340218693219 0.7886750814479069 0.8022086391691345 2.042861958504214 2.0883144826855093 2.1083361871601123 0.3079017299070545 0.3228441524997292 0.33199807732900527 7.871159733139031 7.965211724554404 8.117253317773137
spec-56411-HD105331N491352M01_sp04-206.fits 0.6980000138282776 2.158968272123882 0.3449999988079071 nan nan nan nan sdOB -1.528 0.03799999877810478 4.534660575828444 0.01471057650473287 5.208000183105469 0.052000001072883606 0.793775626155611 0.8186521951734022 0.8378519259627438 2.195710656058228 2.229718643926409 2.2657229458318637 0.358869347844505 0.36793350937345215 0.3789597188383764 7.858998867820457 7.899767910696011 7.952681872374654
spec-57024-HD110713N101244B_sp15-051.fits 0.8349999785423279 1.660931849817797 0.1770000010728836 nan nan nan nan sdOB -1.548 0.296999990940094 4.5532760461371 0.012571772536418205 5.867000102996826 0.3370000123977661 0.7114857083470847 0.7160706654363506 0.7202365783676868 1.8837454539779304 1.8933187645662095 1.9031447140034707 0.23220001235056875 0.235078510206304 0.23824212987924737 7.921088153298151 7.934337939963637 7.947259160407499
spec-57035-HD111424N200151V01_sp08-031.fits 0.5659999847412109 1.524435070535051 0.24500000476837158 nan nan nan nan sdB -2.598 0.06400000303983688 4.448551739201578 0.003541509816153352 5.416999816894531 0.014000000432133675 0.5751261620075507 0.5823981168172706 0.5902176260178906 1.5335275150745613 1.539947610010703 1.5460235020456405 0.24807116802294943 0.249854075365941 0.25170755336364475 8.10233880173152 8.13141959062554 8.159621716441283
spec-57888-HD112941N152447V02_sp07-128.fits 0.375 1.3569432195801299 0.125 nan nan nan nan He-sdOB -0.376 0.039000000804662704 4.552668216112194 0.009862552750068103 5.826000213623047 0.09000000357627869 0.578588997682129 0.5945205683994044 0.6086426873367884 1.5478162313914663 1.5807173823279848 1.5999965598240258 0.16322786445901194 0.16835676934313268 0.17192574435703645 8.089050605866607 8.157511088723494 8.542646643663682
spec-57389-HD114754N322927B01_sp12-110.fits 0.3880000114440918 1.8887521826175426 0.20100000500679016 nan nan nan nan sdOB -2.539 0.09300000220537186 4.581835924057648 0.003511987036942977 5.418000221252441 0.05299999937415123 0.6962785176244985 0.7120738694922697 0.7201812158752352 2.1547468730717285 2.173386134746743 2.185062899381954 0.2696679196558128 0.27852398058119515 0.28298159312598786 8.077361319959575 8.090651758664603 8.111146509731606
spec-55917-B5591705_sp02-085.fits 0.34599998593330383 1.483301952358167 0.15000000596046448 nan nan nan nan sdOB -1.534 0.10400000214576721 4.544811911757776 0.007734636197884344 5.627999782562256 0.13099999725818634 0.714850420818256 0.7157083489611704 0.716582126700369 1.8939676520280466 1.9086629566658946 1.9222054127952248 0.23481343533492294 0.2396893342116659 0.24468041088433476 7.931516352573235 7.941690961601528 7.952078459975374
spec-56361-HD124433N430735B01_sp10-210.fits 0.43700000643730164 1.2382217936778046 0.1940000057220459 nan nan nan nan sdB -2.562 0.06800000369548798 4.427323786357247 0.0035571600956439964 5.511000156402588 0.057999998331069946 0.5084755033091134 0.5117376106027622 0.5151069156849846 1.3086024006042072 1.3148844288816184 1.32114858884793 0.21141140152955523 0.21366563374617611 0.21586576706550786 8.26009274764161 8.278477645332478 8.296071653770973
spec-57044-HD125932N280356B01_sp04-130.fits 0.2549999952316284 1.2792333455701397 0.11500000208616257 nan nan nan nan He-sdOB -0.785 0.06700000166893005 4.550839605065785 0.007148543159127901 5.7270002365112305 0.07999999821186066 0.6361359471979894 0.6637646536937949 0.6849608146190774 1.7348122710416305 1.7674537086918063 1.792123766330456 0.19548457736969224 0.20106644232167992 0.20559976167307495 7.949503409577035 8.01437899984256 8.095881263946305
spec-57397-HD130439N535127M01_sp09-179.fits 0.4449999928474426 1.5244740154735967 0.23600000143051147 nan nan nan nan sdB -2.61 0.17000000178813934 4.4557582031041365 0.007686828666290955 5.336999893188477 0.05299999937415123 0.605429166590084 0.6201978239084607 0.6470606905310919 1.636864518704506 1.664652414712983 1.7282412313576732 0.2722801999026235 0.2823663557501571 0.29617554868401785 8.038997750124574 8.082098612988172 8.118780511922791
spec-56380-HD133117N362849B01_sp10-221.fits 0.3619999885559082 1.7499758069776614 0.18299999833106995 nan nan nan nan He-sdOB -0.197 0.7179999947547913 4.567026366159061 0.005612930883752852 5.4720001220703125 0.04100000113248825 0.6941024828077121 0.7406921467743737 0.7771055708324163 2.0257537508734713 2.0559497225543253 2.0877251931780636 0.25200932287106576 0.260493061808617 0.26878593948566937 7.903863036373779 7.980410359969728 8.086520644166965
spec-56777-HD141829N034028B01_sp06-092.fits 0.35600000619888306 1.3010082803969998 0.11900000274181366 nan nan nan nan sdOB -1.494 0.12700000405311584 4.546542663478131 0.004052544011196876 5.815000057220459 0.3160000145435333 0.7143503335964346 0.7159074977290028 0.7175267404304382 1.8913174313971655 1.9049509501503754 1.918816190306254 0.23454490770866387 0.23951664945002418 0.24457026406405796 7.931973132563931 7.941708819374893 7.951906988269826
spec-57064-HD141904N190355B02_sp13-056.fits 0.5220000147819519 2.347005881427264 0.19499999284744263 nan nan nan nan He-sdOB 0.288 0.05900000035762787 4.703978825008386 0.012358462881162659 5.554999828338623 0.15800000727176666 0.8244394297695549 0.8244394297695549 0.824439429769555 2.39662643567602 2.3986390846435675 2.401865895965538 0.21156147168123546 0.2141808545212181 0.21592579274562562 7.939976384323134 7.940312521640749 7.9406335952764495
spec-57421-HD143249N140339B02_sp12-144.fits 0.28700000047683716 1.047547433078635 0.16300000250339508 nan nan nan nan sdB -2.52 0.10000000149011612 4.418467020946601 0.0034657923319079726 5.4679999351501465 0.05000000074505806 0.5082933244414667 0.5114520171683414 0.5147259757583146 1.3451708298928022 1.3507232257132578 1.3560647948298652 0.22561936402666632 0.22769144492827295 0.22965238209834662 8.295611359812067 8.313418699591093 8.329503430853284
spec-57468-HD145957N144959B01_sp07-239.fits 0.5210000276565552 2.264860306261337 0.21199999749660492 nan nan nan nan He-sdOB 0.521 0.08900000154972076 4.664453928581158 0.004304613169800123 5.484000205993652 0.09000000357627869 0.8461215572336415 0.8587205474027179 0.8620578194348225 2.400486303599893 2.406493773819107 2.4123554089103125 0.250577258697231 0.25163867979242116 0.25283737920754495 7.89661761703752 7.902531634557516 7.91523375911291
spec-56359-HD160623N052445B01_sp11-059.fits 0.5009999871253967 1.793762454887156 0.25 nan nan nan nan sdB -2.539 0.09399999678134918 4.511616020569138 0.003595283758664152 5.341000080108643 0.027000000700354576 0.5931009049457147 0.5956892356569785 0.5975673118460401 1.8659327121562712 1.8718182676477602 1.8770696668221782 0.2722436536348865 0.274619519876664 0.2763537731736326 8.278081468335479 8.282651500317813 8.288916834504985
spec-56403-HD163229N165051M01_sp15-140.fits 0.27000001072883606 1.4357488361643758 0.13099999725818634 nan nan nan nan sdB -2.746 0.5659999847412109 4.561935763313781 0.013483027900578749 5.617000102996826 0.23999999463558197 0.7963544998585582 0.8076314631450583 0.8232151286304796 2.117016507089509 2.1541876678953176 2.1830908415451233 0.2733550429252368 0.2857576019551527 0.29537337156688864 7.829113591211563 7.855750785042931 7.882543340469283
spec-57119-HD164142N011052V01_sp08-108.fits 0.6549999713897705 1.3781797903809503 0.2329999953508377 nan nan nan nan sdB -2.589 0.0560000017285347 4.422097163131711 0.0047392906717977305 5.51200008392334 0.03799999877810478 0.510041367430021 0.511667738229099 0.5133580599874232 1.308808021866605 1.3143933455925623 1.3191009356870702 0.2112231495072275 0.21320429498141596 0.21514475201093625 8.26976069996091 8.278520888521044 8.287679382615831
spec-56395-HD165204N145827M01_sp07-163.fits 0.40700000524520874 1.3351167502805863 0.22499999403953552 nan nan nan nan sdB -2.496 0.09600000083446503 4.418798290590353 0.009012282085636623 5.341000080108643 0.05999999865889549 0.5175926930534813 0.5330999558470264 0.5480435183995767 1.428631449706343 1.4553357014836916 1.484375489093813 0.24940065234716713 0.26196933380602405 0.2720187009606347 8.214676184178055 8.28495330006301 8.353839092774859
spec-58632-GACII257N14B1_sp14-113.fits 0.23399999737739563 1.1927068066128585 0.17100000381469727 nan nan nan nan sdB -1.884 0.7680000066757202 4.438700532900737 0.006280579187208417 5.3379998207092285 0.04399999976158142 0.54483587683808 0.5660548301423987 0.5836317150334082 1.534596958885598 1.5719003859092675 1.5973475922912306 0.2590255351604848 0.26686767779194376 0.274836040692413 8.16128962318075 8.23332095709377 8.308712525469366
spec-57869-HD165712N321400M02_sp12-178.fits 0.45899999141693115 1.5193028492354288 0.23899999260902405 nan nan nan nan sdB -2.536 0.11699999868869781 4.452706226511029 0.0027477422675992584 5.34499979019165 0.02800000086426735 0.609153696538591 0.6109084326455576 0.612746353124349 1.6309808953520784 1.639416014450568 1.6476448638744658 0.27022065684754937 0.27384879650011307 0.2779646940658299 8.08933321430613 8.09714175693762 8.105975160210292
spec-57865-HD170956N262719M02_sp07-046.fits 0.20600000023841858 1.0169498130975607 0.14300000667572021 nan nan nan nan sdB -2.838 0.3409999907016754 4.437750562820388 0.006137983956983956 5.440000057220459 0.01899999938905239 0.5290247540104329 0.5493040625694063 0.5560207950200756 1.397023525436651 1.4470899938855912 1.459966457805339 0.22599174341898176 0.23322790145340103 0.23723715286358962 8.184738298480669 8.210908298370239 8.262250659653562
spec-58604-GACII261N16M1_sp09-223.fits 0.24699999392032623 1.9150566967579319 0.210999995470047 nan nan nan nan sdB -2.646 0.18799999356269836 4.576916955965207 0.007527351199969136 5.172999858856201 0.0820000022649765 0.8345535378317402 0.8398714690084551 0.8437120252831612 2.353818845569147 2.3665046154120977 2.3805918982615775 0.3582473394648276 0.3608898725177724 0.3641378703465686 7.896782201029071 7.905460345258254 7.9288589924020965
spec-57875-HD175209N425125B02_sp16-221.fits 0.37599998712539673 1.713095550359208 0.16899999976158142 nan nan nan nan sdOB -2.409 0.23499999940395355 4.574031267727719 0.00552369267327985 5.559000015258789 0.1469999998807907 0.795524192532549 0.8077074792369277 0.8217105819366592 2.100570258635874 2.1263608442422437 2.1502088263795365 0.2643220718182405 0.27451760880823534 0.2836086548226422 7.824871283415306 7.84490315329933 7.86883398687772
spec-58634-GACII273N16B1_sp15-156.fits 0.3869999945163727 1.6006353427622595 0.10599999874830246 nan nan nan nan He-sdOB 0.542 0.12399999797344208 4.647480773173676 0.012150238433324662 5.9730000495910645 0.18799999356269836 0.5708929968107311 0.5975319807133436 0.6204907106771734 1.8396829887522723 1.910074559699903 1.9674590735053747 0.14104408307703536 0.154225928932868 0.1621822962697735 8.244171276919795 8.29015772427415 8.35918821953693
spec-57291-KP190808N440210V02_sp08-075.fits 0.5109999775886536 1.3178544893314692 0.19599999487400055 nan nan nan nan sdB -2.552 0.03799999877810478 4.444825199509748 0.0037265396918303726 5.572000026702881 0.04100000113248825 0.4576392664382198 0.45794339924309624 0.45824903655250904 1.2357922782172253 1.2578589987314428 1.2836932412069404 0.17936997604963079 0.183742315645919 0.1885106196495779 8.520267907125136 8.533831923699815 8.548184252310719
spec-58632-HD201303N115103V01_sp01-022.fits 0.5699999928474426 2.0925276599993126 0.3330000042915344 nan nan nan nan sdOB -2.623 0.057999998331069946 4.524136376592568 0.001426681677498407 5.150000095367432 0.024000000208616257 0.7296405548183144 0.7472587631952006 0.7791444012112684 2.210078590450843 2.2225084357344773 2.230544861704126 0.37921852654711735 0.384237337108297 0.3881431091072428 7.964853306423864 8.029616612383638 8.061940828834114
spec-57695-HD205307N293856V01_sp03-139.fits 0.6259999871253967 1.9349728859752702 0.22200000286102295 nan nan nan nan sdOB -2.577 0.12399999797344208 4.5720579899263045 0.0019732778014142634 5.538000106811523 0.06300000101327896 0.7940650139930668 0.8021251940773817 0.8088379450583244 2.0968180951491773 2.102398821074774 2.1077986040381878 0.26539944562333434 0.26728906662476926 0.2693320248073001 7.830540959740973 7.844646075572521 7.864341353387822

spec-57360-EG000325N203955B01_sp16-105.fits 0.4169999957084656 1.2840696117100832 0.17599999904632568 nan nan nan nan sdB -2.679 0.09700000286102295 4.459543258280413 0.00420046296664621 5.572000026702881 0.03200000151991844 0.4510926735247172 0.45715292858129264 0.4625440121797416 1.3431336484517469 1.367377170131444 1.3876376350064146 0.1911121166688392 0.19539758211842445 0.1989729314482214 8.57130073654373 8.596700147390624 8.627005820383392
spec-56214-EG000024N121601B01_sp05-009.fits 0.3970000147819519 1.2413472172381992 0.19099999964237213 nan nan nan nan sdB -2.697 0.057999998331069946 4.431846045698726 0.003361057542022175 5.4770002365112305 0.01600000075995922 0.5136117617811304 0.5234410134554187 0.5323817732987799 1.3239082583922324 1.3639356223519825 1.3822596173402757 0.2124216565884937 0.21690838939195956 0.22203622924341446 8.225928312117672 8.265418551285602 8.305266710753049
spec-58043-GACII000N48B1_sp09-050.fits 0.39500001072883606 1.1549714415444712 0.17800000309944153 nan nan nan nan sdB -2.612 0.10599999874830246 4.425534220498263 0.011264289733540014 5.53000020980835 0.07900000363588333 0.4659762978657562 0.5159915697635079 0.5396119241549506 1.2745082595623178 1.3631803165070284 1.4394183461217034 0.18746414976963052 0.22550070459516194 0.2425147657822581 8.232723217238311 8.308761481228288 8.485015549914005
spec-57727-EG001201N232818B01_sp08-198.fits 0.36500000953674316 1.8269295859012196 0.20999999344348907 nan nan nan nan sdB -3.121 0.33899998664855957 4.558228421803325 0.009621028769781093 5.35099983215332 0.07199999690055847 0.7418893486546092 0.8037876348360266 0.8329662907880666 2.1103147326842384 2.165807317062178 2.226710084660529 0.284811990725376 0.30132670844104437 0.31799845990307474 7.841906055421072 7.906185613248191 8.009984460773293
spec-58100-GACII006N52B1_sp03-055.fits 0.36399999260902405 1.3550873800749041 0.18700000643730164 nan nan nan nan sdB -2.561 0.1509999930858612 4.464936429121733 0.005179924029271244 5.456999778747559 0.05700000002980232 0.4518515408520768 0.4976073813930076 0.5938042928926988 1.3764151347488396 1.4701559772541626 1.670451681868316 0.19245496884582625 0.21934602981424428 0.2633897277795198 8.224952470559197 8.492184116035691 8.622790745267944
spec-58100-GACII006N52B1_sp05-186.fits 0.3109999895095825 1.4572761860613257 0.16599999368190765 nan nan nan nan sdB -3.04 0.5770000219345093 4.515476441382376 0.006053899896335258 5.48199987411499 0.06599999964237213 0.6622139903548229 0.6810787915679231 0.7011658172316093 1.8183828999731866 1.861738727597027 1.921098916157642 0.25142931984691563 0.26478310438748404 0.27754243842147647 7.957384605180554 8.005859618609534 8.053733389370873
spec-58043-GACII000N48B1_sp13-047.fits 0.9340000152587891 1.9070833661150266 0.4909999966621399 nan nan nan nan sdB -1.566 0.05900000035762787 4.393399695293102 0.002450680725679215 5.019999980926514 0.03400000184774399 0.556306449029259 0.6112556950368099 0.6448340505665339 1.6548768466586767 1.7030457954483733 1.7924974135850231 0.3671779512677616 0.39037261117867683 0.42653847335875184 8.076260776585674 8.16722343314405 8.330696290807023
spec-57695-M31007N41M1_sp10-178.fits 0.22699999809265137 1.3807176232753176 0.23100000619888306 nan nan nan nan sdB -2.709 0.26100000739097595 4.4252080511386565 0.010317800359998422 5.066999912261963 0.05900000035762787 0.6033195496797419 0.6453714919034981 0.6898647230700856 1.7422197181602976 1.8241009055509512 1.924421891136967 0.3532060594064776 0.38852394783614674 0.4207660307830293 8.011607728655042 8.101634107741079 8.214325114891185
spec-56266-M31007N41B1_sp10-033.fits 0.5220000147819519 1.4690263077508614 0.25600001215934753 nan nan nan nan sdB -2.407 0.12200000137090683 4.424554976606713 0.008414314267692508 5.335999965667725 0.04100000113248825 0.5217758866500791 0.5451819151493094 0.568527512905511 1.4444002300651686 1.498795963801245 1.5603970895817159 0.25362723455199815 0.2699854391272808 0.28286856463017124 8.18859856624783 8.242102332408432 8.324277783349165
spec-56266-M31007N41B1_sp03-101.fits 0.7870000004768372 1.671283948625015 0.24699999392032623 nan nan nan nan sdB -2.407 0.09399999678134918 4.481729196960016 0.0031398357603864115 5.546999931335449 0.054999999701976776 0.5750846079215144 0.5875756501718555 0.5998719373940498 1.5602314460978197 1.589817771274419 1.6145117174299162 0.21780582502511187 0.2276065144353837 0.23614307902261567 8.113501967193065 8.160768229689925 8.214926777881088
spec-58076-GACII005N56M1_sp08-160.fits 0.4309999942779541 1.443513319323485 0.14399999380111694 nan nan nan nan sdOB -1.337 0.10199999809265137 4.544316141747427 0.006889802000478902 5.758999824523926 0.12600000202655792 0.4510202424652484 0.6680208510701712 0.7207137689319232 1.5704819299622028 1.7984087067238401 1.8990449786492345 0.1661916228060069 0.21856430552898135 0.23736233145836322 7.948740426350445 8.140173686779516 8.791822769505362
spec-56919-EG001605N080655B01_sp13-198.fits 0.31299999356269836 1.3928903207033465 0.18700000643730164 nan nan nan nan sdB -2.786 0.22499999403953552 4.472756449317212 0.0026241438261488327 5.390999794006348 0.05299999937415123 0.5799647925286038 0.5927687894496556 0.6126767114227871 1.661599645617019 1.712775226031491 1.7833466539639047 0.2512359183169396 0.26430759682823274 0.2843715518143064 8.149580166840977 8.204776272027214 8.244586477864264
spec-57336-M31004N46M1_sp07-056.fits 0.2639999985694885 1.2607628449361683 0.1120000034570694 nan nan nan nan sdOB -1.631 0.0860000029206276 4.55351894014897 0.00398826175668833 5.755000114440918 0.0689999982714653 0.39152587444073567 0.4027753077115882 0.41755091109450926 1.3832185560276233 1.4823428699560885 1.5500518962484937 0.12822090047363402 0.1437534543510931 0.15578596314326607 8.756145564260658 8.821671355039342 8.874055437846671
spec-56232-M31007N36B1_sp01-223.fits 0.2680000066757202 1.1630122097748297 0.11699999868869781 nan nan nan nan He-sdOB -0.755 0.039000000804662704 4.518645524330312 0.006139924990910861 5.723999977111816 0.041999999433755875 0.5678779413303218 0.585695010036493 0.6001338706917893 1.55300432804199 1.5775723536357784 1.6009148057385114 0.17654819681758901 0.1836055616144081 0.18889910482542682 8.10463153347835 8.154337581816039 8.217572347534519
spec-58100-GACII006N52B1_sp09-066.fits 0.6539999842643738 1.7324902589861038 0.19099999964237213 nan nan nan nan sdB -2.817 0.22599999606609344 4.557266528869905 0.005858431468140276 5.664000034332275 0.5759999752044678 0.6928280703497128 0.7945402600383251 0.8456392379653416 2.1170506234114463 2.218444320212365 2.3254236819314063 0.28913838650033075 0.3253613456882164 0.3699761294987236 7.846918011977103 7.970566220160725 8.133928700798865
spec-56551-VB010N27V1_sp10-209.fits 0.5130000114440918 1.2485617413595744 0.19099999964237213 nan nan nan nan sdB -2.439 0.08799999952316284 4.433769833924866 0.008239325216086247 5.578000068664551 0.057999998331069946 0.45094784292088064 0.46137134258176904 0.47891867863628507 1.1990617630092524 1.2676641483376592 1.32297862324376 0.17050526915046182 0.18479362400574867 0.20722475558142558 8.326867801990947 8.484319676338917 8.549916152464053
spec-55907-M31_007N34_B1_sp10-118.fits 0.3659999966621399 1.8519612143746378 0.17000000178813934 nan nan nan nan He-sdOB -0.271 0.06599999964237213 4.608739919068788 0.0029833889385538397 5.552000045776367 0.07000000029802322 0.7665274197211951 0.7984718228502572 0.8215174343677114 2.1171742522419588 2.1764168882077035 2.2284412285292414 0.22990841234870546 0.24727448806614089 0.2619620856744344 7.848237225680139 7.904300550010431 8.003811226297639
spec-57688-HD002813N442340B01_sp06-190.fits 0.2849999964237213 1.2274238959336634 0.10400000214576721 nan nan nan nan sdOB -1.457 0.15299999713897705 4.558468562523795 0.00761522164420092 5.8470001220703125 0.0989999994635582 0.38854881062226215 0.39859109241516216 0.41194634894201143 1.3170259518027745 1.4062771419968905 1.514648323535744 0.11611971032982733 0.12965060443315513 0.14395267979927132 8.791082204422626 8.847535104852117 8.89025571601423
spec-56581-VB013N21V1_sp03-013.fits 0.29499998688697815 1.3066180044398448 0.19200000166893005 nan nan nan nan sdB -2.443 0.19699999690055847 4.44544851426605 0.008938952880905283 5.34499979019165 0.06599999964237213 0.5605959706231002 0.5941184273006127 0.631280265425838 1.5488520692703318 1.6278404161833708 1.7094864510082837 0.2623821096037235 0.2841564331979216 0.30537651544642497 8.086495473865511 8.161180715057505 8.22819983734427
spec-55907-M31_007N34_B1_sp04-029.fits 0.48500001430511475 1.4804525132809891 0.14900000393390656 nan nan nan nan sdOB -1.541 0.05999999865889549 4.545925329355843 0.0054026586480031055 5.7820000648498535 0.054999999701976776 0.39019354912194604 0.40341777697253695 0.4277356685480044 1.3637878281565123 1.3963348595519376 1.4358539742500553 0.12848976462588693 0.1361472006504673 0.14500276441721957 8.747865213940223 8.837190894666305 8.889936564280227
spec-56287-VB016N33V1_sp04-147.fits 0.3440000116825104 1.7978904830583489 0.18700000643730164 nan nan nan nan sdOB -1.693 0.14000000059604645 4.57391544042155 0.011770838030946246 5.433000087738037 0.07599999755620956 0.7634468995670508 0.8046619259757453 0.8337956336834876 2.1128648470225735 2.168891029769894 2.2383340709238886 0.26591372548327163 0.28583051702313844 0.304267449200746 7.829343773881611 7.900530700022285 8.01737318996993
spec-58424-GACII018N51M1_sp15-207.fits 0.3440000116825104 1.2113875529368587 0.10700000077486038 nan nan nan nan sdOB -1.468 0.054999999701976776 4.548143637434846 0.0030623063130607695 5.896999835968018 0.07800000160932541 0.38694050293069787 0.39989260845267516 0.42008288705578745 1.319987999946418 1.367468775559822 1.4123923128575806 0.12065754087416203 0.12807115145431747 0.135128586616607 8.767963933653467 8.843615144194228 8.89591689722799
spec-56267-EG011927N271550M01_sp05-242.fits 0.4099999964237213 2.315626130363206 0.15199999511241913 nan nan nan nan He-sdO 0.581 0.12700000405311584 4.7479553069067295 0.010350874818577032 5.683000087738037 0.10000000149011612 0.5526895661947338 0.5975463376321211 0.6775421710275411 2.3882884523076866 2.5081435419515437 2.6019240334988067 0.17022235764269647 0.1999524541246801 0.2206247070587287 8.167993233271163 8.30975557907643 8.403626356966411
spec-56256-VB018N47V1_sp12-038.fits 0.7269999980926514 2.087330567865698 0.1979999989271164 nan nan nan nan He-sdOB 0.074 0.08799999952316284 4.635182048656268 0.00519999605330079 5.697999954223633 0.11400000005960464 0.7890477478145204 0.8176535942728625 0.8369161988662767 2.1591420392553577 2.2170970573121442 2.2793671005550564 0.21986047545389667 0.23581199998836697 0.24916827767910993 7.841787388730389 7.89422284580928 7.968576728421019
spec-56979-EG014118N254444B01_sp14-156.fits 0.460999995470047 1.5720812571563283 0.24199999868869781 nan nan nan nan sdB -2.442 0.5360000133514404 4.461648568063455 0.01066897825338686 5.328999996185303 0.07999999821186066 0.5810215990219015 0.6234737802481116 0.6741972075902011 1.6549545601955524 1.7562192438664481 1.8447284215610533 0.2708266010442706 0.30145500242033496 0.3290198009654322 8.017913318769118 8.098955560106493 8.204832180851142
spec-57393-M31025N38B2_sp02-195.fits 0.3440000116825104 2.549412826913838 0.20499999821186066 nan nan nan nan He-sdO 0.55 0.12999999523162842 4.744058165878836 0.007374915940512025 5.330999851226807 0.2549999952316284 0.5911636764901745 0.6535306108005923 0.715305976448141 2.5024446772968205 2.66371511925748 2.838834736525732 0.19841127066453773 0.24289516198211333 0.29920970179455697 8.108920311655188 8.218203072383798 8.326719219993125
spec-56561-M31023N33B1_sp06-176.fits 0.4860000014305115 2.012752887491216 0.18199999630451202 nan nan nan nan He-sdB 2.813 0.1459999978542328 4.635684762547222 0.008852295231184837 5.605999946594238 0.15399999916553497 0.7255045063365372 0.7255045063365373 0.7255045063365374 1.9571522668148318 2.0093309567927617 2.072312604486185 0.17352366987679882 0.18325280424529652 0.1936216247490651 7.956332973335808 7.991850230631374 8.02620140631673
spec-57282-M31025N35B1_sp13-006.fits 0.44699999690055847 0.8755242639493087 0.10300000011920929 nan nan nan nan sdB -2.665 0.22499999403953552 4.4750898033890065 0.006209469943849122 6.063000202178955 0.08399999886751175 0.35644528482212534 0.36181709161923653 0.36817098413028393 0.7490303810084434 0.7914792818450437 0.8336773863555675 0.08680941803609514 0.09218584354332927 0.09750473211949173 8.965323554302907 8.998779974434264 9.030249687779266
spec-57326-EG015109N203051B01_sp09-232.fits 0.7540000081062317 1.5823702165498001 0.17399999499320984 nan nan nan nan sdOB -1.539 0.07400000095367432 4.5394524915494605 0.00918256826529077 5.830999851226807 0.13500000536441803 0.38332239364427745 0.4316839822952079 0.526305070666097 1.3578456430350472 1.499573740278188 1.6719789056321837 0.1346568169453463 0.15721617131244045 0.18081967472158134 8.581088789338498 8.750067472075923 8.883656576267093
spec-56641-VB032N44V1_sp10-229.fits 0.6389999985694885 2.053320504794366 0.18199999630451202 nan nan nan nan He-sdOB 1.511 0.6610000133514404 4.643156465619707 0.011597467633223979 5.716000080108643 0.15700000524520874 0.7387714884662501 0.7811984046758084 0.8191799817936875 2.0602367747303862 2.1352170547626876 2.2075634746689676 0.1912386567380427 0.20353816533691615 0.21762273223818196 7.865263696501998 7.919747010798556 7.995762046333743
spec-55910-B91003_sp02-097.fits 0.5509999990463257 1.3658248068593644 0.19200000166893005 nan nan nan nan sdB -2.47 0.1120000034570694 4.4611982886224935 0.008770920877466247 5.616000175476074 0.06700000166893005 0.45383116937182805 0.4578006323070247 0.4610665700006999 1.140359512457299 1.2130022127793318 1.3316233336370766 0.15677231484586143 0.16734278842937997 0.18999978915623533 8.444867816172247 8.505014197792402 8.581464883540054
spec-57051-HD020220N465033V01_sp08-165.fits 0.6690000295639038 1.6899833122532595 0.32199999690055847 nan nan nan nan sdB -1.602 0.03400000184774399 4.429752280002408 0.0016114841565792889 5.248000144958496 0.03200000151991844 0.557021527211543 0.595829941339723 0.6211514472404359 1.5882456441920618 1.6464566305066208 1.6854275187125367 0.2828672027327205 0.30232175445291953 0.3181449232124318 8.087286324956022 8.156367309642311 8.30760099561465
spec-57328-HD020325N544136B01_sp04-124.fits 0.6439999938011169 2.202343891495285 0.3580000102519989 nan nan nan nan sdOB -1.563 0.03999999910593033 4.537441283407948 0.019222978714620902 5.127999782562256 0.07100000232458115 0.726219361950872 0.7835758750521702 0.8226243175560245 2.1166155543166676 2.196793585952776 2.2648924043008827 0.35198233733968093 0.3750980058837973 0.4045976223457564 7.880821075165872 7.9411772327484025 8.023475220921513
spec-56257-VB031N41V1_sp12-135.fits 0.5450000166893005 1.3994833515044525 0.2370000034570694 nan nan nan nan sdB -2.626 0.18700000643730164 4.424391554410278 0.0058447990012329525 5.425000190734863 0.04899999871850014 0.514656249448451 0.5278596356586042 0.5465036303551176 1.3740830154862171 1.4187969352769674 1.4662149745772228 0.22710935139229466 0.24305741861971272 0.25537577747599005 8.22809004323453 8.272392636225284 8.323621884873084
spec-57025-EG020648N012631V01_sp09-126.fits 0.3790000081062317 1.9208639182299914 0.164000004529953 nan nan nan nan He-sdOB 0.385 0.0989999994635582 4.63286204010023 0.005127740684455364 5.5929999351501465 0.10899999737739563 0.763658798261264 0.7954163897813572 0.8196644181664897 2.101659516079327 2.149340505821532 2.196711505358741 0.20124050093728163 0.21357872040450027 0.22350600688770042 7.847953366545289 7.890143162352638 7.957123414179024
spec-57025-EG020648N012631B01_sp13-234.fits 0.30300000309944153 1.2430132311496778 0.13899999856948853 nan nan nan nan sdB -2.712 0.12099999934434891 4.5003737143533735 0.005047613229907057 5.630000114440918 0.024000000208616257 0.4527439628644435 0.4568070963426804 0.459612007995874 1.4200544697458608 1.423493206286436 1.4282329015346278 0.1747030416497038 0.1767021280890882 0.17821669577834096 8.610924207902467 8.620623256839192 8.632828932442504
spec-58107-GACII033N47M1_sp11-098.fits 0.5220000147819519 1.496085134397702 0.13199999928474426 nan nan nan nan sdOB -1.469 0.09399999678134918 4.573103783163991 0.005420822111002085 5.90500020980835 0.041999999433755875 0.38770305654665593 0.39904602308465603 0.41370840169626677 1.337084028649465 1.3895785978590522 1.450018934951962 0.11100096801385897 0.11712085646985845 0.12388488324184256 8.767908252064148 8.844352708115643 8.894836023545698
spec-58100-HD020840N420946B01_sp12-124.fits 0.3959999978542328 1.497040282255931 0.14499999582767487 nan nan nan nan sdOB -1.502 0.03700000047683716 4.555578072772955 0.016014310588352218 5.706999778747559 0.028999999165534973 0.39551073512532653 0.4097585301578244 0.4276589176630998 1.4515993303194263 1.5203004431048803 1.5777015109896215 0.14171331210926338 0.1475574705999479 0.1541243189410752 8.73093191720927 8.81006660885582 8.866190661724799
spec-58398-GACII038N55M1_sp02-180.fits 0.5210000276565552 1.3250433474037042 0.20399999618530273 nan nan nan nan sdB -2.783 0.5360000133514404 4.440594261839831 0.005165574648800058 5.541999816894531 0.0860000029206276 0.45515513824285214 0.4832455287097701 0.5523339555027424 1.2077289861446259 1.314114167342121 1.459725171021553 0.17461020469027477 0.20090192067286597 0.23853748320860998 8.210351684694405 8.395520513951451 8.520578167926793
spec-57327-EG022114N232535B01_sp08-221.fits 0.34700000286102295 1.3475056494759026 0.11500000208616257 nan nan nan nan sdOB -1.012 0.054999999701976776 4.568319085095112 0.00432021194770151 5.86299991607666 0.057999998331069946 0.38255148030915287 0.3931106745523144 0.40687220207487623 1.363228332170466 1.4281723246769231 1.4893065244057873 0.11564442399269985 0.12542546861158027 0.1350266446191103 8.801153435757382 8.857932830284014 8.902009801477604
spec-58124-GACII038N29M1_sp01-227.fits 0.18400000035762787 1.6576389846160815 0.0989999994635582 nan nan nan nan sdO -2.776 0.29100000858306885 4.678062904974345 0.012576106741622104 5.710999965667725 0.017999999225139618 0.4499279584397467 0.4557664070203119 0.45999777409786125 1.9561050955454966 2.006715825643436 2.0783182731788474 0.15073000979114373 0.15290753291944167 0.15548013133719896 8.625854535106534 8.640864220488902 8.66009661822161
spec-56568-EG023131N032619B01_sp13-016.fits 0.3009999990463257 2.9565353119523348 0.2290000021457672 nan nan nan nan He-sdO 0.188 0.0820000022649765 4.818687663441514 0.008293673470479978 5.189000129699707 0.15700000524520874 0.5594600252596216 0.5802348298240785 0.6144016641673496 2.9182210981541523 3.047401333525196 3.21262395982018 0.21656319963118736 0.25930476311886674 0.3230935807838272 8.292710862463927 8.352658203555185 8.396310366669649
spec-57039-EG024027N133137V01_sp08-084.fits 0.40299999713897705 1.6774974529135753 0.2240000069141388 nan nan nan nan sdB -1.535 0.023000000044703484 4.506775536606644 0.0017541823646432 5.3429999351501465 0.012000000104308128 0.6489985003692398 0.7015865649689232 0.7329264673615756 1.8902658432066883 1.9254286334938646 1.9573343229976827 0.2855994275758273 0.2972726835997434 0.3061179303341927 7.916867207785228 7.990022334187817 8.104117807068867
spec-58495-HD024803N513305B02_sp01-194.fits 0.3230000138282776 1.310438394815848 0.15700000524520874 nan nan nan nan sdB -3.008 0.7940000295639038 4.491921712586151 0.0022328814322919565 5.559999942779541 0.03500000014901161 0.568178248132193 0.58630659676364 0.6017709842330354 1.5475692737321696 1.5810423905162654 1.60909101715232 0.20380232386670633 0.21372137126328672 0.22120031439142165 8.10890494646029 8.162663855633099 8.231288170392524
spec-56576-GAC046N36B1_sp03-129.fits 0.2290000021457672 1.7254378950614422 0.12200000137090683 nan nan nan nan sdO -2.545 0.23100000619888306 4.648652695131223 0.0162711983068588 5.626999855041504 0.11400000005960464 0.4261740796558297 0.49327112905207704 0.6546531980474276 1.8928953369209245 2.0510839996210417 2.2820823619242545 0.15089693186298178 0.17729691929906694 0.22525051730063328 8.257872993208137 8.586495929202917 8.733896006095451
spec-56930-GAC045N28M1_sp04-157.fits 0.28299999237060547 1.2459073016276765 0.10199999809265137 nan nan nan nan sdOB -1.595 0.05400000140070915 4.569022586029564 0.002686245779123983 5.868000030517578 0.07100000232458115 0.3931380776396851 0.4007280768870536 0.4106717119592974 1.3607385413850914 1.4367431199281147 1.5158874602581174 0.11712603585921703 0.12871132362076843 0.13989913737729748 8.788975679986548 8.834230227500369 8.867748906637505
spec-57401-EG031827N151038B01_sp03-078.fits 0.34299999475479126 1.7966991922678832 0.14800000190734863 nan nan nan nan He-sdOB 1.322 0.04800000041723251 4.624385241420265 0.0018524437266353082 5.630000114440918 0.024000000208616257 0.7132608489503746 0.7167271833933941 0.7209417005638612 2.0654039147461285 2.077789681793545 2.087555152559204 0.20440918061089372 0.20555219196965918 0.2064099748528109 8.034582509974717 8.04342661958955 8.05175509956259
spec-58081-HD030252N470637B02_sp06-145.fits 0.4129999876022339 2.079918919821658 0.23499999940395355 nan nan nan nan sdO -2.812 0.23399999737739563 4.597146487833696 0.005781225025493932 5.314000129699707 0.04500000178813934 0.7612562317842057 0.8055126693624906 0.8404646465621242 2.293160166675976 2.3357762409647274 2.375202048202672 0.30305577750389867 0.3183259549230676 0.33179131448884436 7.9103296164499675 7.975082787046208 8.064007960921193
spec-56239-GAC049N32B1_sp04-053.fits 0.6620000004768372 1.383240712265224 0.14000000059604645 nan nan nan nan sdOB -1.617 0.05400000140070915 4.534660575828444 0.0029066813242308066 5.9730000495910645 0.04699999839067459 0.37939347606179025 0.4002049672983971 0.4204976611710519 1.2089563904678677 1.2351267026321446 1.2609370820675136 0.11130317547634108 0.11729581741549082 0.12322094240327074 8.747945802096583 8.830232285868155 8.918459636065638
spec-58019-GACII052N48M1_sp07-246.fits 0.38100001215934753 1.4761212269379829 0.14800000190734863 nan nan nan nan sdOB -1.443 0.05400000140070915 4.5464192668351915 0.0025839951905961694 5.672999858856201 0.04100000113248825 0.3991868223799787 0.4063659382163189 0.4140105757739006 1.5282288639191863 1.5447208606997596 1.564491660249146 0.15475289384363577 0.15796864701841387 0.1627299361390711 8.775460776275098 8.810759494692572 8.848469223249221
spec-57035-GAC054N40B1_sp11-237.fits 0.4269999861717224 1.1632806702619063 0.1720000058412552 nan nan nan nan sdB -1.513 0.03200000151991844 4.434568904034199 0.002229606197604757 5.59499979019165 0.03400000184774399 0.47691469012413185 0.5043465092444315 0.526200443212992 1.2717234257632413 1.309726824575914 1.342773203296995 0.19090704735365596 0.19935883125086595 0.20666363872648147 8.205365497938212 8.316627782867506 8.45733919099613
spec-56975-GAC052N35B2_sp06-073.fits 0.1679999977350235 2.2558752733914664 0.10599999874830246 nan nan nan nan sdO -1.585 0.08399999886751175 4.810568529216413 0.06012792877283712 5.61299991607666 0.04600000008940697 0.464576920086831 0.5028206387933049 0.5338197737051013 2.38710855288247 2.525596941261173 2.658126284626208 0.17539537873572014 0.1777486162281198 0.18072313351945873 8.450164006070437 8.539404693890528 8.647623773922634
spec-56930-GAC055N19B1_sp11-209.fits 0.7039999961853027 1.4460242850234906 0.2240000069141388 nan nan nan nan sdB -2.74 0.08900000154972076 4.449169732165201 0.006740508217542021 5.5879998207092285 0.05700000002980232 0.4546285047005243 0.4581658180453517 0.4619194411477753 1.1875157184449505 1.245747409877946 1.3165307309799767 0.16989295426271833 0.18212001035693146 0.19250358019585648 8.473756522006129 8.518268314646594 8.560409258653797
spec-56618-GAC057N34B1_sp11-115.fits 0.15000000596046448 0.9998696921082678 0.13300000131130219 nan nan nan nan sdB -2.576 0.42800000309944153 4.4497868469857735 0.004905602253703519 5.366000175476074 0.07999999821186066 0.5805741500417831 0.6135435355688117 0.6475978563853318 1.602394106571722 1.686867988097588 1.7611066163207247 0.27043098670645505 0.297055601906472 0.3199878395363092 8.037782373627383 8.098463102527631 8.172285658801071
spec-56562-EG034816N110835V01_sp08-059.fits 0.3799999952316284 1.7784913145533834 0.14399999380111694 nan nan nan nan He-sdOB -0.005 0.057999998331069946 4.627365856592733 0.0023494760543995483 5.695000171661377 0.05000000074505806 0.7850899086677107 0.8092352762966554 0.830536473924983 2.108058316576362 2.1475916572322746 2.1824925971718567 0.20945293893867473 0.2202339292477447 0.22950191788956867 7.814135866660414 7.854757178104499 7.907269754148844
spec-56562-EG034816N110835B01_sp06-197.fits 0.3569999933242798 1.2868604855223733 0.21199999749660492 nan nan nan nan sdB -2.679 0.06300000101327896 4.420615770625765 0.0024661876714659934 5.334000110626221 0.013000000268220901 0.5157098183111378 0.5305192577921136 0.5480802756712781 1.4486683020010964 1.4734223146028227 1.492110651401609 0.2539812246160927 0.2594823320121095 0.2663162671053944 8.218356317898506 8.302753820234981 8.366780998218012
spec-55863-GAC_060N28_B1_sp05-078.fits 0.7129999995231628 2.0979441388640945 0.3409999907016754 nan nan nan nan sdB -2.842 0.4909999966621399 4.521268875598385 0.010848240650418747 5.2220001220703125 0.1420000046491623 0.7013439510886373 0.7680681496784074 0.8157302574995797 1.973443227755757 2.109413781604654 2.217391732287083 0.29092325644142975 0.3356132978428289 0.3868910415783953 7.871343361745147 7.947064765466238 8.039711156072588
spec-56619-GAC058N31B1_sp13-038.fits 0.45399999618530273 1.2972789102331133 0.1120000034570694 nan nan nan nan sdOB -1.519 0.07599999755620956 4.561220678933944 0.004036664486269948 6.001999855041504 0.10499999672174454 0.38649565747346953 0.39439506283171405 0.40538626119049376 1.2656263026554426 1.339943409334906 1.3943853038947416 0.10646290446978106 0.11738236244509723 0.125366690677093 8.816741957245505 8.864177909104946 8.902675826419701
spec-57387-GAC059N38M1_sp07-109.fits 0.22599999606609344 1.1704964057448477 0.1080000028014183 nan nan nan nan sdOB -1.432 0.08699999749660492 4.537441283407948 0.0036384843686812036 5.7230000495910645 0.10199999809265137 0.4140633124899991 0.5879084103598975 0.6928609979797358 1.4777838802136456 1.721272123302808 1.838032839677831 0.1539861339638277 0.20621853957463507 0.2352414676435645 7.94816003077784 8.196908074907164 8.753054709763916
spec-57754-GAC063N29M1_sp15-117.fits 0.47999998927116394 1.3385560910094452 0.3140000104904175 nan nan nan nan sdB -2.641 0.15800000727176666 4.346939462698991 0.006207083514988697 5.125 0.035999998450279236 0.4639326823652548 0.489319410764197 0.5113606145273605 1.2958987321151652 1.3367309709547888 1.381858425435683 0.30244853685764966 0.3197904958852361 0.3351601239420057 8.333429898570422 8.422461646767031 8.534250277375602
spec-56571-GAC064N37B2_sp01-168.fits 0.4020000100135803 2.030599721965951 0.19300000369548798 nan nan nan nan He-sdOB -0.377 0.0430000014603138 4.626750853683394 0.0025567863903557036 5.474999904632568 0.05299999937415123 0.7529230424930426 0.8023339372182948 0.8388740819327506 2.2524012781531657 2.299761985031013 2.3433772237309167 0.2520001516309283 0.2644332212601344 0.2771350396291417 7.890711544611411 7.9527225399376125 8.032467062721324
spec-56667-GAC066N34B1_sp04-027.fits 0.3070000112056732 1.2951490965789187 0.11699999868869781 nan nan nan nan sdOB -1.488 0.03700000047683716 4.551205943747906 0.002677082895968079 5.7870001792907715 0.03999999910593033 0.38472659834260153 0.3958105977323566 0.41125970182169636 1.3457145821297387 1.3857737449009397 1.4387935507408005 0.12413459671299597 0.129413377386296 0.13655287860521376 8.78119555511271 8.848560247251452 8.898081335884134
spec-56626-GAC069N25B2_sp07-246.fits 0.44200000166893005 1.8690908446207277 0.2150000035762787 nan nan nan nan sdO -3.929 0.6779999732971191 4.560982055586235 0.01014422149807625 5.401000022888184 0.2849999964237213 0.748827050110566 0.8032886955399106 0.833656531641779 2.1126749389564066 2.1785441802375676 2.262900268609956 0.2740751929248219 0.30092955662976895 0.33165614879689315 7.836751709784675 7.899713093920433 7.999735608812298
spec-57013-GAC069N16B2_sp07-077.fits 0.4650000035762787 1.460612226534829 0.1679999977350235 nan nan nan nan sdB -2.488 0.1340000033378601 4.51401618040065 0.004234470907850614 5.6579999923706055 0.05400000140070915 0.45787308559223 0.4584137527039682 0.458914694223674 1.4330114158438572 1.4985070196515626 1.5636315251449144 0.1574048401661297 0.17228433010258576 0.18759937292832268 8.619136188305982 8.62031461316726 8.621472603718122
spec-56650-GAC073N23M1_sp02-040.fits 0.11100000143051147 0.9755696578936621 0.11100000143051147 nan nan nan nan sdB -2.697 0.1459999978542328 4.483301952358167 0.004260607898211079 5.388999938964844 0.0820000022649765 0.5879059215593447 0.6219975741650017 0.6801156954195074 1.6593545254921216 1.77009798426625 1.853371459951715 0.2512382786822018 0.2781302974160754 0.30479356957296966 8.01495835388002 8.121710738552206 8.21074058153605
spec-57014-GAC073N19B2_sp16-013.fits 0.23800000548362732 1.1822148652675355 0.1420000046491623 nan nan nan nan sdB -1.884 0.24300000071525574 4.480725378988487 0.009935274367649077 5.513000011444092 0.11500000208616257 0.5849882994128492 0.6315248232257729 0.6764633193416498 1.6432326119528957 1.7398523152086074 1.8224940920751118 0.24081146739839177 0.2711880493660668 0.2941905442712571 7.998583094115631 8.07786170729257 8.188379174115363
spec-57396-GAC073N15B1_sp14-066.fits 0.36899998784065247 1.908367046331012 0.15600000321865082 nan nan nan nan He-sdOB -0.183 0.03999999910593033 4.642662331442035 0.0034471905368124714 5.620999813079834 0.039000000804662704 0.7364634253501615 0.7799678938428545 0.8089943553576652 2.2254778425125226 2.2889535842088358 2.3239230592265607 0.22493575098658214 0.2412612910354849 0.24962831840503172 7.93853733297905 7.989481586869289 8.053087041621044
spec-57396-GAC073N15M1_sp14-084.fits 0.492000013589859 1.6485941740789318 0.1589999943971634 nan nan nan nan He-sdOB -0.902 0.08399999886751175 4.573799582215741 0.0031173737494663485 5.730000019073486 0.07000000029802322 0.6716435009548013 0.7061314796039864 0.739654952319738 1.8560344053979208 1.9039771844324567 1.9438408290622105 0.2009071344117072 0.2134154836046868 0.2224418879068988 7.881638781827874 7.97753487878813 8.0983616555875
spec-56976-GAC076N18B1_sp02-113.fits 0.21899999678134918 2.1917555286505053 0.20600000023841858 nan nan nan nan sdO -3.026 0.3720000088214874 4.652922887567942 0.016579946536401137 5.1620001792907715 0.19300000369548798 0.523632341652452 0.7125363373944578 0.8120883691822117 2.36795781716172 2.5674083402876824 2.7640596696339452 0.25795963062311683 0.3227538282575575 0.40351123085745677 7.951937498624004 8.10554012814203 8.487165774891023
spec-57402-GAC077N13B1_sp02-008.fits 0.3659999966621399 1.6611498572447867 0.21400000154972076 nan nan nan nan sdOB -1.308 0.06199999898672104 4.511616020569138 0.0027989000112312585 5.340000152587891 0.12200000137090683 0.6793649814524859 0.7323107779744569 0.7723687930806568 1.906651582432283 2.0271250618437167 2.1156790668921284 0.28411273569169215 0.3218758491810465 0.3560084006449751 7.899978205251566 7.962122305734261 8.039141763542522
spec-56659-GAC076N21B1_sp01-036.fits 0.527999997138977 2.122687609947259 0.1509999930858612 nan nan nan nan He-sdO -0.211 0.12200000137090683 4.704236337308788 0.008833988546851702 5.815000057220459 0.08799999952316284 0.43472711201657976 0.48704762649769723 0.6295598607493805 1.9580836799636911 2.0938612870575986 2.2636943370658886 0.1247347474409415 0.1428498633097604 0.17022506597853154 8.424676181400002 8.608137855369412 8.71523970614479
spec-57319-GAC081N15B1_sp15-024.fits 0.24500000476837158 2.002226556276854 0.16200000047683716 nan nan nan nan He-sdOB 0.625 0.12700000405311584 4.657915936829955 0.006914004313135324 5.3979997634887695 0.09000000357627869 0.8377447893377636 0.8498627371652732 0.8600209201962532 2.3326415135117857 2.3540345332731714 2.3810106862182936 0.2472372805282746 0.24967038927772464 0.25204096198374715 7.886499925251727 7.900489384559592 7.918240946145471
spec-57756-GAC081N03M1_sp09-203.fits 0.453000009059906 1.1853154580036565 0.11100000143051147 nan nan nan nan He-sdOB -0.933 0.11100000143051147 4.531223374533027 0.026283827372631154 6.0 0.11900000274181366 0.37991037998815336 0.39412335834765644 0.41487367557328764 1.069085010050947 1.2903452062966134 1.4197033893286863 0.10594320937735432 0.11985206344844408 0.13148606509369343 8.755887270705756 8.853786572198253 8.924937659275884
spec-57746-GAC084N44M1_sp03-037.fits 0.6449999809265137 1.5245389159447342 0.2150000035762787 nan nan nan nan sdB -2.738 0.18299999833106995 4.477265995424853 0.0031721517529644384 5.578999996185303 0.09799999743700027 0.5777556794153969 0.5885780325813323 0.5997816228157935 1.5826841579871087 1.622236094322878 1.6565033675197207 0.22611815194286405 0.2368309183664392 0.2484037849536399 8.133268017343608 8.17386653367394 8.21660159636808
spec-56675-VB081N07V3_sp13-243.fits 0.6129999756813049 1.482358982753715 0.1469999998807907 nan nan nan nan sdOB -1.659 0.06499999761581421 4.548635059814751 0.012704881644149636 5.89300012588501 0.057999998331069946 0.38648760443271873 0.3949595218587246 0.404970838183899 1.2664401984388662 1.3396432731009917 1.384635338946521 0.11695227707376124 0.12310877688717642 0.12816433283493797 8.811392331644882 8.86045982075428 8.897000646402342
spec-55976-GAC_084N40_V4_sp04-127.fits 0.8980000019073486 2.0862743872901586 0.25699999928474426 nan nan nan nan He-sdOB -0.63 0.0560000017285347 4.5785246052749935 0.003766077444000925 5.567999839782715 0.054999999701976776 0.7076155896844311 0.7319340589576129 0.7799189450931779 1.9664502400883115 2.027099786163002 2.0815630453447387 0.22405008533903525 0.24108956192759362 0.2571757902990996 7.874917802846859 7.950325590645827 8.030145200091223
spec-57015-GAC082N38B1_sp13-200.fits 0.6499999761581421 1.7773253059721286 0.19300000369548798 nan nan nan nan sdOB -1.494 0.05700000002980232 4.563243701140398 0.004723205682756229 5.679999828338623 0.05900000035762787 0.4010631386302053 0.41639441146826633 0.433678747991594 1.5206097246971078 1.6046472106984784 1.680362258357107 0.14442178480781775 0.1591241241688509 0.17180676912463644 8.727414771987288 8.792134866909429 8.84910717638261
spec-57329-GAC089N38B1_sp14-035.fits 0.47200000286102295 1.7004873811595231 0.29600000381469727 nan nan nan nan sdB -2.837 0.23800000548362732 4.450249108319361 0.005813116135590361 5.163000106811523 0.05900000035762787 0.6281201793154 0.6685957468942894 0.7013842214710947 1.7816406170933887 1.8598543592345016 1.9328699333800485 0.33105053270940615 0.3574269310615288 0.3891213974083189 7.977845769613812 8.054466801454597 8.16110314153536
spec-57071-GAC084N35B2_sp09-136.fits 0.7200000286102295 2.2797353674105016 0.22200000286102295 nan nan nan nan He-sdOB 0.474 0.04699999839067459 4.658679028582449 0.001712069820018295 5.603000164031982 0.04100000113248825 0.7769063427630123 0.8091187398944695 0.8338942833681825 2.2718933195960185 2.319983632131456 2.34936055838819 0.22065064808529108 0.2329568893121104 0.24074109556082574 7.908337229712695 7.9438184012555 7.9949644312529475
spec-57076-GAC088N41B1_sp02-181.fits 0.5040000081062317 1.2847915559501462 0.13500000536441803 nan nan nan nan sdOB -1.238 0.05000000074505806 4.516931808868013 0.003944572820329083 5.875999927520752 0.04899999871850014 0.4058469656542887 0.4136112895391198 0.4213274549349208 1.25827544881838 1.2765452682045575 1.295517116554846 0.1263946280893111 0.13184738782059016 0.136803446272987 8.748966171675647 8.77518616174671 8.802688758097348
spec-56648-GAC088N20B1_sp04-131.fits 0.5320000052452087 3.1800518609471213 0.1979999989271164 nan nan nan nan sdO -2.214 0.2809999883174896 4.907894835416283 0.07242675059247346 5.578999996185303 0.10999999940395355 0.5273186582467629 0.5544158726919166 0.5781021767967176 2.781000338364777 2.94720074678781 3.096634298858591 0.156532730045909 0.18390353812197419 0.22322466472131047 8.334890476101343 8.3862674893847 8.4494011371038
spec-58080-GAC092N46M1_sp10-009.fits 0.2280000001192093 1.7746775155212045 0.10400000214576721 nan nan nan nan He-sdOB -0.159 0.0560000017285347 4.692935002531137 0.0075956544474540255 5.750999927520752 0.10700000077486038 0.744868700369457 0.8051469796250319 0.858907086367803 2.3178757234089558 2.3937559777308635 2.4576428028284227 0.20166117275113696 0.22024857954018143 0.23584115585964163 7.885685324642111 7.989482373838898 8.095481325961511
spec-57076-GAC088N41B1_sp09-060.fits 0.5379999876022339 1.4360512752022425 0.13699999451637268 nan nan nan nan sdOB -1.512 0.039000000804662704 4.55351894014897 0.0032658421580558463 5.9039998054504395 0.04600000008940697 0.3846875314883717 0.3964910004856159 0.41128808851966 1.2773463128246234 1.34523628550863 1.3943417650013166 0.11761746382248323 0.1247374775652828 0.12996784807234746 8.790610537331922 8.853704604162596 8.9038145820771
spec-57784-GAC092N09B1_sp01-140.fits 0.8379999995231628 1.6287668572312906 0.27900001406669617 nan nan nan nan sdB -2.76 0.10700000077486038 4.444825199509748 0.00573180990858133 5.4730000495910645 0.03200000151991844 0.45969351816800724 0.5139960103148649 0.5453024048950441 1.3290190907519233 1.366914013852665 1.4375062876478584 0.19603795772055838 0.21069362748144188 0.23062496014881836 8.217011644090505 8.385960974504517 8.573207091395677
spec-57741-GAC096N56B1_sp10-101.fits 0.2809999883174896 1.2628069230005639 0.16200000047683716 nan nan nan nan sdB -2.463 0.12999999523162842 4.473924693416158 0.006800685572330336 5.464000225067139 0.07000000029802322 0.5769531478906471 0.5940981776002034 0.6286597744776561 1.6008242570652627 1.6623844723638168 1.7365813564585335 0.22743592388266268 0.2497262727925812 0.27241206367698073 8.085346721308854 8.164078938906735 8.22556169584763
spec-56628-GAC094N35M1_sp15-228.fits 0.503000020980835 1.2279124017517482 0.1679999977350235 nan nan nan nan sdB -2.58 0.0560000017285347 4.456517857805263 0.004229684038934313 5.684999942779541 0.039000000804662704 0.4509867896973291 0.4575171715127862 0.46397726773106585 1.0983421506333506 1.1074710693901382 1.1171120052092034 0.14868390998242298 0.1509703712223588 0.15305604927709013 8.368725749940673 8.408990547371602 8.45091741755349
spec-58070-GAC095N44B2_sp11-213.fits 0.37299999594688416 1.280077322611946 0.19200000166893005 nan nan nan nan sdB -2.722 0.14499999582767487 4.4404367661057735 0.0037642227583858236 5.447000026702881 0.024000000208616257 0.5291752738746636 0.5490584388994273 0.5653638307125342 1.3962748609749498 1.4559196986722363 1.4934593359617645 0.22208353880918646 0.23652890706666052 0.24586766806496685 8.164567013628744 8.2067828456871 8.249961418845551
spec-56994-GAC097N20B1_sp15-180.fits 0.37400001287460327 3.40625532610533 0.2840000092983246 nan nan nan nan He-sdO -0.102 0.14000000059604645 4.884001924768787 0.05701231893678257 5.098999977111816 0.210999995470047 0.574672758729342 0.6017858225531567 0.6433452432101021 2.9357599583936405 3.1182671485564004 3.3916521933725647 0.2354572165693394 0.28319973389392095 0.34984554868987505 8.227773927415326 8.2968153176301 8.354587279226541
spec-56230-GAC098N33B1_sp03-090.fits 0.42399999499320984 2.0595974937251382 0.19099999964237213 nan nan nan nan He-sdOB 0.114 0.07000000029802322 4.635885685281273 0.006083912420786569 5.488999843597412 0.09300000220537186 0.7745372199256921 0.8100294320005779 0.8335858507808255 2.1897141189733333 2.240297399146111 2.2975378670761057 0.22844659483560528 0.23993631439127627 0.25154110153900777 7.866236532551714 7.9116744704094195 7.977905548515917
spec-56994-GAC097N20B2_sp11-112.fits 0.8169999718666077 1.5410297885508526 0.24799999594688416 nan nan nan nan sdB -2.645 0.16699999570846558 4.448860845607441 0.004304546918416538 5.568999767303467 0.04800000041723251 0.4563590752838454 0.45811916591593926 0.4598311367237106 1.2001461815131609 1.2428018868169688 1.2960129997476306 0.1742705782652893 0.18354091530791583 0.19188916313651821 8.501737024911069 8.532361986372306 8.561544676737944
spec-56994-GAC097N20B1_sp09-125.fits 0.5120000243186951 1.109308505246749 0.25999999046325684 nan nan nan nan sdB -2.362 0.20399999618530273 4.331629717629932 0.0048300162185972145 5.315000057220459 0.020999999716877937 0.41615767590934605 0.42966275207025295 0.44103982704262373 0.992716006422832 1.0297763398783921 1.0638394614188935 0.2301487702266337 0.23640962017261308 0.24442925831170595 8.48723670960152 8.552121735593516 8.620571849511101
